     
 Collinear #          41
 
 part:           1
 comp:           0
   1.0000000517241199        573.75002967671367        573.74999999999989     
   1.0000000049561928        573.75000284361556        573.74999999999989     
   1.0000000004935556        573.75000028317743        573.74999999999989     
   1.0000000000493352        573.75000002830598        573.74999999999989     
   1.0000000000049334        573.75000000283046        573.74999999999989     
   1.0000000000004936        573.75000000028308        573.74999999999989     
   1.0000000000000493        573.75000000002819        573.74999999999989     
   1.0000000000000051        573.75000000000284        573.74999999999989     
   1.0000000000000009        573.75000000000034        573.74999999999989     
   1.0000000000000000        573.74999999999989        573.74999999999989     
 comp:           1
   0.0000000000000000        0.0000000000000000     
   0.0000000000000000        0.0000000000000000     
   0.0000000000000000        0.0000000000000000     
   0.0000000000000000        0.0000000000000000     
   0.0000000000000000        0.0000000000000000     
   0.0000000000000000        0.0000000000000000     
   0.0000000000000000        0.0000000000000000     
   0.0000000000000000        0.0000000000000000     
   0.0000000000000000        0.0000000000000000     
   0.0000000000000000        0.0000000000000000     
 comp:           2
   0.0000000000000000        0.0000000000000000     
   0.0000000000000000        0.0000000000000000     
   0.0000000000000000        0.0000000000000000     
   0.0000000000000000        0.0000000000000000     
   0.0000000000000000        0.0000000000000000     
   0.0000000000000000        0.0000000000000000     
   0.0000000000000000        0.0000000000000000     
   0.0000000000000000        0.0000000000000000     
   0.0000000000000000        0.0000000000000000     
   0.0000000000000000        0.0000000000000000     
 comp:           3
   1.0000000517241199        573.75002967671367        573.74999999999989     
   1.0000000049561928        573.75000284361556        573.74999999999989     
   1.0000000004935556        573.75000028317743        573.74999999999989     
   1.0000000000493352        573.75000002830598        573.74999999999989     
   1.0000000000049334        573.75000000283046        573.74999999999989     
   1.0000000000004936        573.75000000028308        573.74999999999989     
   1.0000000000000493        573.75000000002819        573.74999999999989     
   1.0000000000000051        573.75000000000284        573.74999999999989     
   1.0000000000000009        573.75000000000034        573.74999999999989     
   1.0000000000000000        573.74999999999989        573.74999999999989     
 
 part:           2
 comp:           0
  0.99999999610405077        573.75056385782216        573.75056609312526     
  0.99999999962813557        573.75056587976781        573.75056609312526     
  0.99999999996298217        573.75056607188628        573.75056609312526     
  0.99999999999629996        573.75056609100238        573.75056609312526     
  0.99999999999963007        573.75056609291300        573.75056609312526     
  0.99999999999996314        573.75056609310411        573.75056609312526     
  0.99999999999999623        573.75056609312310        573.75056609312526     
  0.99999999999999956        573.75056609312503        573.75056609312526     
   1.0000000000000002        573.75056609312537        573.75056609312526     
   1.0000000000000000        573.75056609312526        573.75056609312526     
 comp:           1
   0.0000000000000000        0.0000000000000000     
   0.0000000000000000        0.0000000000000000     
   0.0000000000000000        0.0000000000000000     
   0.0000000000000000        0.0000000000000000     
   0.0000000000000000        0.0000000000000000     
   0.0000000000000000        0.0000000000000000     
   0.0000000000000000        0.0000000000000000     
   0.0000000000000000        0.0000000000000000     
   0.0000000000000000        0.0000000000000000     
   0.0000000000000000        0.0000000000000000     
 comp:           2
   0.0000000000000000        0.0000000000000000     
   0.0000000000000000        0.0000000000000000     
   0.0000000000000000        0.0000000000000000     
   0.0000000000000000        0.0000000000000000     
   0.0000000000000000        0.0000000000000000     
   0.0000000000000000        0.0000000000000000     
   0.0000000000000000        0.0000000000000000     
   0.0000000000000000        0.0000000000000000     
   0.0000000000000000        0.0000000000000000     
   0.0000000000000000        0.0000000000000000     
 comp:           3
  0.99999999610405077       -573.75056385782216       -573.75056609312526     
  0.99999999962813557       -573.75056587976781       -573.75056609312526     
  0.99999999996298217       -573.75056607188628       -573.75056609312526     
  0.99999999999629996       -573.75056609100238       -573.75056609312526     
  0.99999999999963007       -573.75056609291300       -573.75056609312526     
  0.99999999999996314       -573.75056609310411       -573.75056609312526     
  0.99999999999999623       -573.75056609312310       -573.75056609312526     
  0.99999999999999956       -573.75056609312503       -573.75056609312526     
   1.0000000000000002       -573.75056609312537       -573.75056609312526     
   1.0000000000000000       -573.75056609312526       -573.75056609312526     
 
 part:           3
 comp:           0
   1.0000002002770645        573.75011490896577        573.75000000000000     
   1.0000000621063487        573.75003563351754        573.75000000000000     
   1.0000000196021428        573.75001124672940        573.75000000000000     
   1.0000000061975560        573.75000355584780        573.75000000000000     
   1.0000000019598019        573.75000112443627        573.75000000000000     
   1.0000000006197425        573.75000035557730        573.75000000000000     
   1.0000000001959801        573.75000011244356        573.75000000000000     
   1.0000000000619744        573.75000003555783        573.75000000000000     
   1.0000000000195979        573.75000001124431        573.75000000000000     
   1.0000000000061975        573.75000000355578        573.75000000000000     
 comp:           1
   1.0000002110823303       -539.29008913418318       -539.28997529959850     
   1.0000000654570860       -539.29001059994880       -539.28997529959850     
   1.0000000206597099       -539.28998644117291       -539.28997529959850     
   1.0000000065319241       -539.28997882219971       -539.28997529959850     
   1.0000000020655364       -539.28997641352157       -539.28997529959850     
   1.0000000006531788       -539.28997565185125       -539.28997529959850     
   1.0000000002065534       -539.28997541099068       -539.28997529959850     
   1.0000000000653182       -539.28997533482391       -539.28997529959850     
   1.0000000000206553       -539.28997531073765       -539.28997529959850     
   1.0000000000065317       -539.28997530312097       -539.28997529959850     
 comp:           2
   1.0000008316788538       -73.877231213632101       -73.877169771552218     
   1.0000002579054073       -73.877188824873770       -73.877169771552218     
   1.0000000814006738       -73.877175785203605       -73.877169771552218     
   1.0000000257362291       -73.877171672871995       -73.877169771552218     
   1.0000000081383547       -73.877170372790829       -73.877169771552218     
   1.0000000025735687       -73.877169961680195       -73.877169771552218     
   1.0000000008138343       -73.877169831675999       -73.877169771552218     
   1.0000000002573575       -73.877169790565063       -73.877169771552218     
   1.0000000000813833       -73.877169777564589       -73.877169771552218     
   1.0000000000257359       -73.877169773453502       -73.877169771552218     
 comp:           3
   1.0000000000000000        54.484390681218521        54.484390681218521     
   1.0000000000000000        54.484390681218521        54.484390681218521     
   1.0000000000000000        54.484390681218521        54.484390681218521     
   1.0000000000000000        54.484390681218521        54.484390681218521     
   1.0000000000000000        54.484390681218521        54.484390681218521     
   1.0000000000000000        54.484390681218521        54.484390681218521     
   1.0000000000000000        54.484390681218521        54.484390681218521     
   1.0000000000000000        54.484390681218521        54.484390681218521     
   1.0000000000000000        54.484390681218521        54.484390681218521     
   1.0000000000000000        54.484390681218521        54.484390681218521     
 
 part:           4
 comp:           0
  0.99999979972298658        573.74988509106356        573.75000000000000     
  0.99999993789365615        573.74996436648519        573.75000000000000     
  0.99999998039785765        573.74998875327083        573.75000000000000     
  0.99999999380244398        573.74999644415220        573.75000000000000     
  0.99999999804019823        573.74999887556373        573.75000000000000     
  0.99999999938025741        573.74999964442270        573.75000000000000     
  0.99999999980402032        573.74999988755667        573.75000000000000     
  0.99999999993802591        573.74999996444240        573.75000000000000     
  0.99999999998040212        573.74999998875569        573.75000000000000     
  0.99999999999380251        573.74999999644422        573.75000000000000     
 comp:           1
  0.99999978891771213        539.28986146503667        539.28997529959850     
  0.99999993454291802        539.28993999925035        539.28997529959850     
  0.99999997934029039        539.28996415802419        539.28997529959850     
  0.99999999346807589        539.28997177699728        539.28997529959850     
  0.99999999793446359        539.28997418567542        539.28997529959850     
  0.99999999934682127        539.28997494734574        539.28997529959850     
  0.99999999979344700        539.28997518820654        539.28997529959850     
  0.99999999993468225        539.28997526437331        539.28997529959850     
  0.99999999997934474        539.28997528845935        539.28997529959850     
  0.99999999999346834        539.28997529607602        539.28997529959850     
 comp:           2
  0.99999916832131353        73.877108329484699        73.877169771552218     
  0.99999974209460873        73.877150718231846        73.877169771552218     
  0.99999991859932791        73.877163757900945        73.877169771552218     
  0.99999997426377074        73.877167870232441        73.877169771552218     
  0.99999999186164534        73.877169170313607        73.877169771552218     
  0.99999999742643120        73.877169581424241        73.877169771552218     
  0.99999999918616700        73.877169711428536        73.877169771552218     
  0.99999999974264386        73.877169752539473        73.877169771552218     
  0.99999999991861666        73.877169765539847        73.877169771552218     
  0.99999999997426425        73.877169769650934        73.877169771552218     
 comp:           3
   1.0000000000000000       -54.484390681218521       -54.484390681218521     
   1.0000000000000000       -54.484390681218521       -54.484390681218521     
   1.0000000000000000       -54.484390681218521       -54.484390681218521     
   1.0000000000000000       -54.484390681218521       -54.484390681218521     
   1.0000000000000000       -54.484390681218521       -54.484390681218521     
   1.0000000000000000       -54.484390681218521       -54.484390681218521     
   1.0000000000000000       -54.484390681218521       -54.484390681218521     
   1.0000000000000000       -54.484390681218521       -54.484390681218521     
   1.0000000000000000       -54.484390681218521       -54.484390681218521     
   1.0000000000000000       -54.484390681218521       -54.484390681218521     
 
 part:           5
 comp:           0
   1.0484750304020214        5.9353450675256542E-004   5.6609312529358360E-004
   1.0046463294786587        5.6872338046930117E-004   5.6609312529358360E-004
   1.0004627119423899        5.6635506334316182E-004   5.6609312529358360E-004
   1.0000462520708238        5.6611930827290755E-004   5.6609312529358360E-004
   1.0000046250159353        5.6609574348330896E-004   5.6609312529358360E-004
   1.0000004624996821        5.6609338711147410E-004   5.6609312529358360E-004
   1.0000000462499492        5.6609315147536192E-004   5.6609312529358360E-004
   1.0000000046249953        5.6609312791176163E-004   5.6609312529358360E-004
   1.0000000004624998        5.6609312555540151E-004   5.6609312529358360E-004
   1.0000000000462497        5.6609312531976524E-004   5.6609312529358360E-004
 comp:           1
   2.2766914649980348E-004   0.0000000000000000     
   7.0600698509065227E-005   0.0000000000000000     
   2.2283148713628756E-005   0.0000000000000000     
   7.0452025127412408E-006   0.0000000000000000     
   2.2278460427797591E-006   0.0000000000000000     
   7.0450542978110635E-007   0.0000000000000000     
   2.2278413554027094E-007   0.0000000000000000     
   7.0450528313243076E-008   0.0000000000000000     
   2.2278412781293799E-008   0.0000000000000000     
   7.0450530923759871E-009   0.0000000000000000     
 comp:           2
   1.2288414739224261E-004   0.0000000000000000     
   3.8106641918608611E-005   0.0000000000000000     
   1.2027302658207055E-005   0.0000000000000000     
   3.8026395640071504E-006   0.0000000000000000     
   1.2024772161580914E-006   0.0000000000000000     
   3.8025595651772442E-007   0.0000000000000000     
   1.2024746861519792E-007   0.0000000000000000     
   3.8025587736427851E-008   0.0000000000000000     
   1.2024746444437926E-008   0.0000000000000000     
   3.8025589145451152E-009   0.0000000000000000     
 comp:           3
  0.94362762009755397       -5.3418110857437074E-004  -5.6609312529358360E-004
  0.99459987599343003       -5.6303615221773152E-004  -5.6609312529358360E-004
  0.99946225021653379       -5.6578870883803526E-004  -5.6609312529358360E-004
  0.99994624754427641       -5.6606269639793085E-004  -5.6609312529358360E-004
  0.99999462497955172       -5.6609008253145953E-004  -5.6609312529358360E-004
  0.99999946250020610       -5.6609282101864546E-004  -5.6609312529358360E-004
  0.99999994625004351       -5.6609309486610276E-004  -5.6609312529358360E-004
  0.99999999462500488       -5.6609312225083580E-004  -5.6609312529358360E-004
  0.99999999946250040       -5.6609312498930877E-004  -5.6609312529358360E-004
  0.99999999994624966       -5.6609312526315590E-004  -5.6609312529358360E-004
 
 part: i_fks+j_fks
 comp:           0
   1.0000000439320760        573.75115739232888        573.75113218625052     
   1.0000000042124497        573.75113460314833        573.75113218625052     
   1.0000000004195184        573.75113242694965        573.75113218625052     
   1.0000000000419347        573.75113221031063        573.75113218625052     
   1.0000000000041933        573.75113218865647        573.75113218625052     
   1.0000000000004194        573.75113218649119        573.75113218625052     
   1.0000000000000420        573.75113218627462        573.75113218625052     
   1.0000000000000042        573.75113218625290        573.75113218625052     
   1.0000000000000009        573.75113218625097        573.75113218625052     
   1.0000000000000002        573.75113218625063        573.75113218625052     
 comp:           1
   2.2766914649980348E-004   0.0000000000000000     
   7.0600698509065227E-005   0.0000000000000000     
   2.2283148713628756E-005   0.0000000000000000     
   7.0452025127412408E-006   0.0000000000000000     
   2.2278460427797591E-006   0.0000000000000000     
   7.0450542978110635E-007   0.0000000000000000     
   2.2278413554027094E-007   0.0000000000000000     
   7.0450528313243076E-008   0.0000000000000000     
   2.2278412781293799E-008   0.0000000000000000     
   7.0450530923759871E-009   0.0000000000000000     
 comp:           2
   1.2288414739224261E-004   0.0000000000000000     
   3.8106641918608611E-005   0.0000000000000000     
   1.2027302658207055E-005   0.0000000000000000     
   3.8026395640071504E-006   0.0000000000000000     
   1.2024772161580914E-006   0.0000000000000000     
   3.8025595651772442E-007   0.0000000000000000     
   1.2024746861519792E-007   0.0000000000000000     
   3.8025587736427851E-008   0.0000000000000000     
   1.2024746444437926E-008   0.0000000000000000     
   3.8025589145451152E-009   0.0000000000000000     
 comp:           3
  0.99999994048409169       -573.75109803893076       -573.75113218625052     
  0.99999999430008890       -573.75112891592005       -573.75113218625052     
  0.99999999943241002       -573.75113186059514       -573.75113218625052     
  0.99999999994326505       -573.75113215369879       -573.75113218625052     
  0.99999999999432687       -573.75113218299555       -573.75113218625052     
  0.99999999999943290       -573.75113218592514       -573.75113218625052     
  0.99999999999994338       -573.75113218621800       -573.75113218625052     
  0.99999999999999445       -573.75113218624733       -573.75113218625052     
  0.99999999999999978       -573.75113218625040       -573.75113218625052     
   1.0000000000000000       -573.75113218625052       -573.75113218625052     
