     
 Collinear #          41
 ME*wgt:
   1.0484750332305144        3.5263052421573330E-019   3.3632705886111939E-019
   0.0000000000000000        0.0000000000000000        3.3632705886111939E-019
   0.0000000000000000        0.0000000000000000        3.3632705886111939E-019
   0.0000000000000000        0.0000000000000000        3.3632705886111939E-019
   0.0000000000000000        0.0000000000000000        3.3632705886111939E-019
   0.0000000000000000        0.0000000000000000        3.3632705886111939E-019
   0.0000000000000000        0.0000000000000000        3.3632705886111939E-019
   0.0000000000000000        0.0000000000000000        3.3632705886111939E-019
   0.0000000000000000        0.0000000000000000        3.3632705886111939E-019
   0.0000000000000000        0.0000000000000000        3.3632705886111939E-019
 wgt:
   1.0000000478281703        2.8160681239509277E-007   2.8160679892635485E-007
   1.0000000045843278        2.8160680021733275E-007   2.8160679892635485E-007
   1.0000000004565375        2.8160679905491889E-007   2.8160679892635485E-007
   1.0000000000456348        2.8160679893920593E-007   2.8160679892635485E-007
   1.0000000000045632        2.8160679892763991E-007   2.8160679892635485E-007
   1.0000000000004563        2.8160679892648334E-007   2.8160679892635485E-007
   1.0000000000000457        2.8160679892636772E-007   2.8160679892635485E-007
   1.0000000000000042        2.8160679892635607E-007   2.8160679892635485E-007
   1.0000000000000007        2.8160679892635501E-007   2.8160679892635485E-007
   1.0000000000000000        2.8160679892635485E-007   2.8160679892635485E-007
