   0.0000000000000000        0.0000000000000000        0.0000000000000000        0.0000000000000000        0.0000000000000000        0.0000000000000000        0.0000000000000000     
   2.7017359913579769E-002   1.1936804782083055E-002  0.70466661656897189        5.1612677624251493E-002   1.9049023008617449E-002   1.2628828979306176E-002   1.2384088334886361E-002
   4.7846740417259302E-002   2.3544524734871786E-002  0.89115272890684549        9.0632646458417079E-002   3.8872414558410465E-002   2.5458225429335818E-002   2.4656502873942152E-002
   6.4484640701515536E-002   3.5233511923460650E-002  0.89771014255589776       0.12263127452032155        5.7861279195679918E-002   3.8501613760880522E-002   3.7069656683689341E-002
   7.9722758928760379E-002   4.7278696684770971E-002  0.90038752152868473       0.15132525172465464        7.6105747650508787E-002   5.1860660597831350E-002   4.9540835835830896E-002
   9.4414893346653067E-002   5.9881675826998097E-002  0.90093348097833958       0.17782704760799378        9.3411527446700143E-002   6.6230178634444581E-002   6.1803953759712503E-002
  0.10861161533063712        7.3799120710856800E-002  0.90147944042799444       0.20312977409399283       0.10959651214566431        8.1404301626301218E-002   7.4244509893508073E-002
  0.12220977559423633        8.6996025621025985E-002  0.90202539987764929       0.22705689162348941       0.12632788784425808        9.7219749775288328E-002   8.6899151012777259E-002
  0.13574339251349585        9.9824347075788245E-002  0.90256941529998869       0.25086467687792058       0.14277069010957830       0.11354173149549997        9.9729027833413933E-002
  0.14829425206354158       0.11268512613477301       0.90311329888810254       0.27477532120605846       0.15928816204924762       0.13015778012578949       0.11257504535305410     
  0.15650171829634979       0.12358793119017596       0.90365718247621640       0.28304660113797447       0.17574852569730728       0.14643488866553447       0.12478323531628364     
  0.16471770876398240       0.13270582871725772       0.90420170612790629       0.29138559324183078       0.18533817037217912       0.15704320944065456       0.13543574507373468     
  0.17275212255305575       0.14145638915789277       0.90474803748625854       0.29981550782452121       0.19500967859470267       0.16658115029988810       0.14587899366203991     
  0.18054378906938737       0.14957359199743267       0.90529436884461068       0.30806748604799383       0.20479274671801337       0.17572526818233858       0.15619854625243335     
  0.18845101932971603       0.15736537319688959       0.90584070020296281       0.31642027466214506       0.21466688649525367       0.18438056871493813       0.16635667874412421     
  0.19664439805414344       0.16486226889396796       0.91066628154871143       0.32482765782773726       0.22455127745111589       0.19318051460468252       0.17647020213232170     
  0.20514941249874433       0.17216152536036480       0.91978283902119284       0.33338031740763829       0.23419643181233435       0.20217178491430757       0.18704530874866390     
  0.21395612595959435       0.17937761026949908       0.92505340276058934       0.34225891927118912       0.24372987480913791       0.21158816793509838       0.19797952417366724     
  0.22323325966947163       0.18688014566138075       0.92933787363199649       0.35142947170384220       0.25300409117611677       0.22172828263817601       0.20889074100411889     
  0.23274602729430410       0.19477889808758636       0.93068294492240522       0.36076321542971357       0.26200761054272959       0.23208153310803403       0.21967270861766233     
  0.24195393005144755       0.20538749368009004       0.93145581703867719       0.36886654600823027       0.27142991522563265       0.24286934836719884       0.23093838195031882     
  0.25093733595271367       0.21780705966113612       0.93213981081561781       0.37602382390024014       0.28291108258369968       0.25516132183628315       0.24393010537281892     
  0.26018785569762204       0.23052033495194668       0.93254536001572985       0.38317830180308732       0.29549458938161233       0.26837374713775891       0.25809963712375317     
  0.26955994801826511       0.24322487292167549       0.93295090921584189       0.39033338336868251       0.30833815214093413       0.28125834654818016       0.27244595300811869     
  0.27907195375750798       0.25535727787218615       0.93335645841595394       0.39732428422668092       0.32086901632040848       0.29411628572931309       0.28788855371826916     
  0.28778335448153292       0.26712111524332538       0.93376200761606587       0.40438107343976337       0.33344930895553193       0.30691132050187958       0.30353391705536575     
  0.29615367923045144       0.27874217181644290       0.93416751535980080       0.41130024782076552       0.34646061713812115       0.31952673798406317       0.31827916738200496     
  0.30455205952247461       0.29057469144592074       0.93457293228101157       0.41821247384948523       0.35991993647451187       0.33216645686150648       0.33241331381826900     
  0.31317397368325217       0.30294219106789677       0.93497834920222223       0.42521921297898030       0.37345771924469323       0.34483787232629493       0.34631596266176246     
  0.32172777875977299       0.31878470974787987       0.93538376612343299       0.43226612594006908       0.38692321889796932       0.35770541644204829       0.36083000930920595     
  0.33082418985842849       0.33293106521330595       0.93578918304464365       0.43921746439095349       0.40013063016041944       0.37099079153671682       0.37701786126289039     
  0.33979125744538424       0.34739537768123002       0.93621272174908177       0.44572618084598303       0.41281461270389419       0.38441623339979225       0.39345130437830611     
  0.34907205241655104       0.36196331371212320       0.93666542537961028       0.45217649477295974       0.42549029223120527       0.39761427067238747       0.40974472222765124     
  0.35847304915230038       0.37724167673250492       0.93711812901013880       0.45859388690689601       0.43865071392377813       0.41055116813080550       0.42602887670875911     
  0.36759171134073915       0.39337448525370006       0.93757083264066721       0.46508482322124262       0.45228159443092425       0.42302170545109252       0.44152809243542884     
  0.37686299919302330       0.40957460832401876       0.93802353627119572       0.47214211824269714       0.46603498790423059       0.43508929353963866       0.45743075110619497     
  0.38661472306954614       0.42628406175883415       0.95856317382042389       0.47916879326168710       0.47991442061472578       0.44733312613953491       0.47304508968452419     
  0.39723582073832303       0.44398808418293090       0.96264773604377474       0.48693851300055180       0.49356595553900690       0.46076093286497688       0.48961214353893151     
  0.40823539102750928       0.46298254479658613       0.97493188067100622       0.49541058113834247       0.50864963016879650       0.47640616808519193       0.50731960590844138     
  0.42012451961270525       0.48352046833693868       0.98180769558034842       0.50552554181163800       0.52258458069692304       0.49261076218835570       0.52688171767496728     
  0.43249252233146085       0.50348627852805339       0.98701323836810229       0.51508887401729309       0.53740487624200406       0.50926901730727570       0.54729409328030809     
  0.44464371620167475       0.52286201002521948       0.99214141074791196       0.52409654225336255       0.55153674408263864       0.52658411623314882       0.56913832402636899     
  0.45613912743580071       0.54243879150305541       0.99275541247878096       0.53318512566499821       0.56557809168060214       0.54323762631672812       0.59075796131670744     
  0.46765742654299047       0.56236764919758375       0.99336941420964997       0.54243422846266509       0.58029603959908416       0.55944560784065900       0.61148347453350316     
  0.47918281004323926       0.58527227313705954       0.99398341594051898       0.55158928641851557       0.59615821717749995       0.57744565425875105       0.63110871188858131     
  0.49087782924517687       0.60978587157500708       0.99431394788956773       0.56064050092172402       0.61495556895054826       0.59637363533884358       0.64668490352131114     
  0.50406470350213017       0.63402415783039201       0.99463480613828548       0.56973179463568968       0.63573665516615296       0.61551082429590698       0.66271922517808013     
  0.51964936980989584       0.65912494558761558       0.99495566438700322       0.57941890032405541       0.65504335807426850       0.63314625710512229       0.67930264286998554     
  0.53551118810020826       0.68462645717575354       0.99527652263572086       0.58878297463653029       0.67424553914308494       0.65149495434403315       0.69662663968744032     
  0.55117928522961912       0.71045597455668497       0.99559738088443861       0.59814557116198364       0.69291696276427173       0.66950834447292218       0.71402848558240251     
  0.56642615175328559       0.73602214280666667       0.99591823913315636       0.60767172513301049       0.71144762520912885       0.68800082571781540       0.73100344293409669     
  0.58112522068498085       0.75870212902058665       0.99622691152894283       0.61790331197485826       0.72990741132398085       0.70687624100151847       0.74878239807052493     
  0.59624604531836800       0.77858446779529433       0.99653124745816357       0.62850646384091879       0.75007363449934983       0.72740588963360953       0.76850909925191924     
  0.61244255311356144       0.79829119337125010       0.99683558338738421       0.63923744664979565       0.76974366490495705       0.74903162549971058       0.78876879206884132     
  0.62797406955968016       0.81757948181322837       0.99713991931660484       0.65125452344723245       0.78976558896088855       0.77164475055714432       0.80916212249634090     
  0.64365106219456769       0.83818423048436796       0.99744425524582558       0.66379208758288699       0.81000807150686460       0.79550221671378119       0.82822259390151054     
  0.65948315944165947       0.85875746984152335       0.99774859117504622       0.67636341457361393       0.83055897651574140       0.81878928863409040       0.84641655004478722     
  0.67561181957723992       0.87924361632581838       0.99804858453668321       0.68888576769207877       0.85096603638025714       0.84062086644179956       0.86456653582990073     
  0.69162754545398231       0.89708489941380132       0.99832735817429985       0.70154869834494549       0.87145391226477764       0.86219035318860349       0.88445719717216031     
  0.70768904282946676       0.91368530151966898       0.99860613181191660       0.71517749994072988       0.89228231279170389       0.88384147207679720       0.90360058341407512     
  0.73399549408698594       0.93117626887423544       0.99888490544953323       0.73017001309408036       0.91341274045260745       0.90640899679369891       0.92249081307361558     
  0.77516125952113080       0.94922762610020106       0.99916367908714998       0.77502845500181239       0.93418412698315700       0.92964430307969070       0.94188097178763586     
  0.82113461551133671       0.96633955930544069       0.99944245272476662       0.82494774371044843       0.95528165714816149       0.95285393741805546       0.96162964653574667     
  0.88258019137735810       0.98295069828824500       0.99972122636238336       0.89422645817885638       0.97742665384097982       0.97628739769888739       0.98115954570307973     
   1.0000000000000000        1.0000000000000000        1.0000000000000000        1.0000000000000000        1.0000000000000000        1.0000000000000000        1.0000000000000000     
   57.913569845930127        63.397973569082524        0.0000000000000000        66.647072555750569        59.757267955138197        64.196113023095265        62.095927374160503     
   59.966878875422921        61.794192001097556        0.0000000000000000        63.489660965690206        61.917013201749519        59.321427984479143        60.560847665569398     
   62.587809623664924        62.747438353639836        0.0000000000000000        61.047610308677747        63.347132497892026        62.730307025379993        62.848392169042064     
   64.870244857810860        61.687107724184727        0.0000000000000000        62.519591483347398        61.841958651139130        62.451617743830212        64.912892168416604     
   63.380403198021114        61.685690430753660        0.0000000000000000        61.638271346520739        61.099997796085525        62.114406735397154        61.941460844665770     
   61.772920832029399        61.623729552854606        0.0000000000000000        62.521390671580164        62.415728891820144        61.926194437293603        61.178630609738498     
   61.997727871681604        62.615530394783065        0.0000000000000000        62.648567059304739        61.194712349114560        62.074208725618625        61.909227659762244     
   59.696685636602020        62.709998178938008        61.710232986025559        65.384916976969734        63.760313598411706        62.486487511647425        64.348621003724290     
   5.2492461693474783E-004   5.1066810506899099E-005   1.5064094069691144E-006   74.357359501060060        5.7533200190113480E-006   1.5766104087952953E-006
           5           7           6
   5.0000000000000001E-003   61.922328022766351     
