     
 Soft #          91
 ME*wgt:
   1.0227564629308297        8.1571181065256872E-012   7.9756211788195398E-012
   1.0001988090328926        7.9772068043528193E-012   7.9756211788195398E-012
   1.0000013272825652        7.9756317647224770E-012   7.9756211788195398E-012
  0.99999792120005648        7.9756045990986836E-012   7.9756211788195398E-012
  0.99999953623325000        7.9756174799916267E-012   7.9756211788195398E-012
   1.0002006010317048        7.9772210966564984E-012   7.9756211788195398E-012
   1.0004074848159108        7.9788711233473656E-012   7.9756211788195398E-012
   1.0173159566449346        8.1137266893684004E-012   7.9756211788195398E-012
   1.0000000005000003        7.9756211828073517E-012   7.9756211788195398E-012
   1.0000000000500000        7.9756211792183216E-012   7.9756211788195398E-012
 wgt:
   1.1111111111111112        3.1419629705869659E-007   2.8277666735282689E-007
   1.0101010101010104        2.8563299732608785E-007   2.8277666735282689E-007
   1.0010010010010013        2.8305972707990688E-007   2.8277666735282689E-007
   1.0001000100010000        2.8280494784761165E-007   2.8277666735282689E-007
   1.0000100001000012        2.8277949514777841E-007   2.8277666735282689E-007
   1.0000010000010000        2.8277695012977704E-007   2.8277666735282689E-007
   1.0000001000000101        2.8277669563049646E-007   2.8277666735282689E-007
   1.0000000100000004        2.8277667018059366E-007   2.8277666735282689E-007
   1.0000000010000001        2.8277666763560360E-007   2.8277666735282689E-007
   1.0000000001000002        2.8277666738110461E-007   2.8277666735282689E-007
     
 Collinear #           6
 ME*wgt:
   1.0552228377467947        2.5451207803886875E-016   2.4119273098971730E-016
   1.0030823430649984        2.4193616973141149E-016   2.4119273098971730E-016
  0.99962877813828821        2.4110319497508795E-016   2.4119273098971730E-016
  0.99974858139932676        2.4113209065079931E-016   2.4119273098971730E-016
  0.99990623395305300        2.4117011530078005E-016   2.4119273098971730E-016
  0.99997805500504644        2.4118743801645289E-016   2.4119273098971730E-016
  0.99983849936920521        2.4115377821151935E-016   2.4119273098971730E-016
   1.0008432474234352        2.4139611613867570E-016   2.4119273098971730E-016
   1.0000000004635325        2.4119273110151797E-016   2.4119273098971730E-016
   1.0000000000501119        2.4119273100180393E-016   2.4119273098971730E-016
 wgt:
   1.0000008592214606        2.9315068621274678E-006   2.9315043433160242E-006
   1.0000000823562785        2.9315045847438122E-006   2.9315043433160242E-006
   1.0000000082015774        2.9315043673589841E-006   2.9315043433160242E-006
   1.0000000008198191        2.9315043457193273E-006   2.9315043433160242E-006
   1.0000000000819786        2.9315043435563452E-006   2.9315043433160242E-006
   1.0000000000081977        2.9315043433400558E-006   2.9315043433160242E-006
   1.0000000000008196        2.9315043433184268E-006   2.9315043433160242E-006
   1.0000000000000824        2.9315043433162656E-006   2.9315043433160242E-006
   1.0000000000000084        2.9315043433160487E-006   2.9315043433160242E-006
   1.0000000000000011        2.9315043433160271E-006   2.9315043433160242E-006
     
 Collinear #          60
 ME*wgt:
   1.0546169716739564        1.6861698776355983E-016   1.5988457638408760E-016
   1.0041082662152092        1.6054142478757939E-016   1.5988457638408760E-016
   1.0000670245782952        1.5989529258039565E-016   1.5988457638408760E-016
  0.99989877108356939        1.5986839144166627E-016   1.5988457638408760E-016
  0.99995635585838460        1.5987759835899378E-016   1.5988457638408760E-016
  0.99998370974545792        1.5988197182364095E-016   1.5988457638408760E-016
   1.0001803541255798        1.5991341222705506E-016   1.5988457638408760E-016
  0.99853385967182673        1.5965016315879799E-016   1.5988457638408760E-016
   1.0000000004631528        1.5988457645813862E-016   1.5988457638408760E-016
   1.0000000000483888        1.5988457639182423E-016   1.5988457638408760E-016
 wgt:
   1.0000007785728802        1.2531178458655046E-006   1.2531168702226938E-006
   1.0000000746261268        1.2531169637379524E-006   1.2531168702226938E-006
   1.0000000074317583        1.2531168795355555E-006   1.2531168702226938E-006
   1.0000000007428687        1.2531168711535950E-006   1.2531168702226938E-006
   1.0000000000742839        1.2531168703157801E-006   1.2531168702226938E-006
   1.0000000000074283        1.2531168702320022E-006   1.2531168702226938E-006
   1.0000000000007427        1.2531168702236244E-006   1.2531168702226938E-006
   1.0000000000000742        1.2531168702227867E-006   1.2531168702226938E-006
   1.0000000000000073        1.2531168702227029E-006   1.2531168702226938E-006
   1.0000000000000004        1.2531168702226944E-006   1.2531168702226938E-006
