     
 Soft #          91
 
 part:           1
 comp:           0
   1.1111110117543765        637.49994299407354        573.75000000000000     
   1.0101010015007530        579.54544961105705        573.75000000000000     
   1.0010010001525815        574.32432383754372        573.75000000000000     
   1.0001000099162727        573.80738068946141        573.75000000000000     
   1.0000100000915291        573.75573755251480        573.75000000000000     
   1.0000010000001527        573.75057375008760        573.75000000000000     
   1.0000000999999252        573.75005737495712        573.75000000000000     
   1.0000000099999915        573.75000573749514        573.75000000000000     
   1.0000000009999992        573.75000057374950        573.75000000000000     
   1.0000000001000000        573.75000005737502        573.75000000000000     
 comp:           1
   0.0000000000000000        0.0000000000000000     
   0.0000000000000000        0.0000000000000000     
   0.0000000000000000        0.0000000000000000     
   0.0000000000000000        0.0000000000000000     
   0.0000000000000000        0.0000000000000000     
   0.0000000000000000        0.0000000000000000     
   0.0000000000000000        0.0000000000000000     
   0.0000000000000000        0.0000000000000000     
   0.0000000000000000        0.0000000000000000     
   0.0000000000000000        0.0000000000000000     
 comp:           2
   0.0000000000000000        0.0000000000000000     
   0.0000000000000000        0.0000000000000000     
   0.0000000000000000        0.0000000000000000     
   0.0000000000000000        0.0000000000000000     
   0.0000000000000000        0.0000000000000000     
   0.0000000000000000        0.0000000000000000     
   0.0000000000000000        0.0000000000000000     
   0.0000000000000000        0.0000000000000000     
   0.0000000000000000        0.0000000000000000     
   0.0000000000000000        0.0000000000000000     
 comp:           3
   1.1111110117543765        637.49994299407354        573.75000000000000     
   1.0101010015007530        579.54544961105705        573.75000000000000     
   1.0010010001525815        574.32432383754372        573.75000000000000     
   1.0001000099162727        573.80738068946141        573.75000000000000     
   1.0000100000915291        573.75573755251480        573.75000000000000     
   1.0000010000001527        573.75057375008760        573.75000000000000     
   1.0000000999999252        573.75005737495712        573.75000000000000     
   1.0000000099999915        573.75000573749514        573.75000000000000     
   1.0000000009999992        573.75000057374950        573.75000000000000     
   1.0000000001000000        573.75000005737502        573.75000000000000     
 
 part:           2
 comp:           0
   1.0000000894210690        573.75005130533839        573.75000000000000     
   1.0000000085142546        573.75000488505361        573.75000000000000     
   1.0000000008475709        573.75000048629374        573.75000000000000     
   1.0000000000847189        573.75000004860749        573.75000000000000     
   1.0000000000084714        573.75000000486045        573.75000000000000     
   1.0000000000008471        573.75000000048601        573.75000000000000     
   1.0000000000000848        573.75000000004866        573.75000000000000     
   1.0000000000000084        573.75000000000489        573.75000000000000     
   1.0000000000000009        573.75000000000045        573.75000000000000     
   1.0000000000000002        573.75000000000011        573.75000000000000     
 comp:           1
   0.0000000000000000        0.0000000000000000     
   0.0000000000000000        0.0000000000000000     
   0.0000000000000000        0.0000000000000000     
   0.0000000000000000        0.0000000000000000     
   0.0000000000000000        0.0000000000000000     
   0.0000000000000000        0.0000000000000000     
   0.0000000000000000        0.0000000000000000     
   0.0000000000000000        0.0000000000000000     
   0.0000000000000000        0.0000000000000000     
   0.0000000000000000        0.0000000000000000     
 comp:           2
   0.0000000000000000        0.0000000000000000     
   0.0000000000000000        0.0000000000000000     
   0.0000000000000000        0.0000000000000000     
   0.0000000000000000        0.0000000000000000     
   0.0000000000000000        0.0000000000000000     
   0.0000000000000000        0.0000000000000000     
   0.0000000000000000        0.0000000000000000     
   0.0000000000000000        0.0000000000000000     
   0.0000000000000000        0.0000000000000000     
   0.0000000000000000        0.0000000000000000     
 comp:           3
   1.0000000894210690       -573.75005130533839       -573.75000000000000     
   1.0000000085142546       -573.75000488505361       -573.75000000000000     
   1.0000000008475709       -573.75000048629374       -573.75000000000000     
   1.0000000000847189       -573.75000004860749       -573.75000000000000     
   1.0000000000084714       -573.75000000486045       -573.75000000000000     
   1.0000000000008471       -573.75000000048601       -573.75000000000000     
   1.0000000000000848       -573.75000000004866       -573.75000000000000     
   1.0000000000000084       -573.75000000000489       -573.75000000000000     
   1.0000000000000009       -573.75000000000045       -573.75000000000000     
   1.0000000000000002       -573.75000000000011       -573.75000000000000     
 
 part:           3
 comp:           0
  0.99993898059764930        573.71499011790127        573.75000000000000     
  0.99999418162231446        573.74666170580292        573.75000000000000     
  0.99999942078521664        573.74966767551803        573.75000000000000     
  0.99999994210455656        573.74996678248931        573.75000000000000     
  0.99999999421071573        573.74999667839813        573.75000000000000     
  0.99999999942107409        573.74999966784128        573.75000000000000     
  0.99999999994210742        573.74999996678412        573.75000000000000     
  0.99999999999421096        573.74999999667853        573.75000000000000     
  0.99999999999942102        573.74999999966781        573.75000000000000     
  0.99999999999994216        573.74999999996680        573.75000000000000     
 comp:           1
  0.99991561581788146       -412.64390891010754       -412.67873246742454     
  0.99999195406183106       -412.67541207985948       -412.67873246742454     
  0.99999919903658119       -412.67840192685611       -412.67873246742454     
  0.99999991993969228       -412.67869942823825       -412.67873246742454     
  0.99999999199432932       -412.67872916365451       -412.67873246742454     
  0.99999999919943650       -412.67873213704900       -412.67873246742454     
  0.99999999991994371       -412.67873243438703       -412.67873246742454     
  0.99999999999199451       -412.67873246412086       -412.67873246742454     
  0.99999999999919942       -412.67873246709416       -412.67873246742454     
  0.99999999999991995       -412.67873246739151       -412.67873246742454     
 comp:           2
  0.99967015417682492       -131.60793897997783       -131.65136363238727     
  0.99996854956661441       -131.64722313994523       -131.65136363238727     
  0.99999686914737340       -131.65095145136965       -131.65136363238727     
  0.99999968705558995       -131.65132243282895       -131.65136363238727     
  0.99999996870696639       -131.65135951261672       -131.65136363238727     
  0.99999999687071062       -131.65136322041207       -131.65136363238727     
  0.99999999968707121       -131.65136359118978       -131.65136363238727     
  0.99999999996870748       -131.65136362826757       -131.65136363238727     
  0.99999999999687073       -131.65136363197530       -131.65136363238727     
  0.99999999999968692       -131.65136363234606       -131.65136363238727     
 comp:           3
   1.0000000000000000        334.10214713888450        334.10214713888450     
   1.0000000000000000        334.10214713888450        334.10214713888450     
   1.0000000000000000        334.10214713888450        334.10214713888450     
   1.0000000000000000        334.10214713888450        334.10214713888450     
   1.0000000000000000        334.10214713888450        334.10214713888450     
   1.0000000000000000        334.10214713888450        334.10214713888450     
   1.0000000000000000        334.10214713888450        334.10214713888450     
   1.0000000000000000        334.10214713888450        334.10214713888450     
   1.0000000000000000        334.10214713888450        334.10214713888450     
   1.0000000000000000        334.10214713888450        334.10214713888450     
 
 part:           4
 comp:           0
   1.0000610288150866        573.78501528265599        573.75000000000000     
   1.0000058184632556        573.75333834329297        573.75000000000000     
   1.0000005792156310        573.75033232496833        573.75000000000000     
   1.0000000578954518        573.75003321751547        573.75000000000000     
   1.0000000057892844        573.75000332160187        573.75000000000000     
   1.0000000005789258        573.75000033215872        573.75000000000000     
   1.0000000000578926        573.75000003321588        573.75000000000000     
   1.0000000000057894        573.75000000332170        573.75000000000000     
   1.0000000000005791        573.75000000033219        573.75000000000000     
   1.0000000000000580        573.75000000003320        573.75000000000000     
 comp:           1
   1.0000843893317453        412.71355814988294        412.67873246742454     
   1.0000080459849836        412.68205287430902        412.67873246742454     
   1.0000008009638828        412.67906300818441        412.67873246742454     
   1.0000000800603124        412.67876550661276        412.67873246742454     
   1.0000000080056706        412.67873577119457        412.67873246742454     
   1.0000000008005636        412.67873279780008        412.67873246742454     
   1.0000000000800562        412.67873250046205        412.67873246742454     
   1.0000000000080058        412.67873247072833        412.67873246742454     
   1.0000000000008005        412.67873246775491        412.67873246742454     
   1.0000000000000799        412.67873246745756        412.67873246742454     
 comp:           2
   1.0003298659523372        131.69479093482835        131.65136363238727     
   1.0000314506163779        131.65550414892050        131.65136363238727     
   1.0000031308544397        131.65177581364358        131.65136363238727     
   1.0000003129444281        131.65140483194799        131.65136363238727     
   1.0000000312930337        131.65136775215782        131.65136363238727     
   1.0000000031292893        131.65136404436248        131.65136363238727     
   1.0000000003129288        131.65136367358477        131.65136363238727     
   1.0000000000312934        131.65136363650709        131.65136363238727     
   1.0000000000031293        131.65136363279925        131.65136363238727     
   1.0000000000003131        131.65136363242848        131.65136363238727     
 comp:           3
   1.0000000000000000       -334.10214713888450       -334.10214713888450     
   1.0000000000000000       -334.10214713888450       -334.10214713888450     
   1.0000000000000000       -334.10214713888450       -334.10214713888450     
   1.0000000000000000       -334.10214713888450       -334.10214713888450     
   1.0000000000000000       -334.10214713888450       -334.10214713888450     
   1.0000000000000000       -334.10214713888450       -334.10214713888450     
   1.0000000000000000       -334.10214713888450       -334.10214713888450     
   1.0000000000000000       -334.10214713888450       -334.10214713888450     
   1.0000000000000000       -334.10214713888450       -334.10214713888450     
   1.0000000000000000       -334.10214713888450       -334.10214713888450     
 
 part:           5
 comp:           0
   63.749988898854788        0.0000000000000000     
   5.7954544470146390        0.0000000000000000     
  0.57432432335100725        0.0000000000000000     
   5.7380738064085154E-002   0.0000000000000000     
   5.7375573754765439E-003   0.0000000000000000     
   5.7375057374960169E-004   0.0000000000000000     
   5.7375005737490864E-005   0.0000000000000000     
   5.7375000573749046E-006   0.0000000000000000     
   5.7375000057374911E-007   0.0000000000000000     
   5.7375000005737506E-008   0.0000000000000000     
 comp:           1
  -6.9649239775394542E-002  -0.0000000000000000     
  -6.6407944495234785E-003  -0.0000000000000000     
  -6.6108132830898709E-004  -0.0000000000000000     
  -6.6078374498159317E-005  -0.0000000000000000     
  -6.6075400874662638E-006  -0.0000000000000000     
  -6.6075103534392357E-007  -0.0000000000000000     
  -6.6075073800586095E-008  -0.0000000000000000     
  -6.6075070827207690E-009  -0.0000000000000000     
  -6.6075070529869880E-010  -0.0000000000000000     
  -6.6075070500136098E-011  -0.0000000000000000     
 comp:           2
  -8.6851954850521440E-002  -0.0000000000000000     
  -8.2810089752819466E-003  -0.0000000000000000     
  -8.2436227393107458E-004  -0.0000000000000000     
  -8.2399119028682481E-005  -0.0000000000000000     
  -8.2395410947811692E-006  -0.0000000000000000     
  -8.2395040167257406E-007  -0.0000000000000000     
  -8.2395003089477267E-008  -0.0000000000000000     
  -8.2394999381702021E-009  -0.0000000000000000     
  -8.2394999010924532E-010  -0.0000000000000000     
  -8.2394998973846794E-011  -0.0000000000000000     
 comp:           3
   63.749891688735026        0.0000000000000000     
   5.7954447260034474        0.0000000000000000     
  0.57432335124989575        0.0000000000000000     
   5.7380640853974076E-002   0.0000000000000000     
   5.7375476544654358E-003   0.0000000000000000     
   5.7374960164849104E-004   0.0000000000000000     
   5.7374908527379783E-005   0.0000000000000000     
   5.7374903363637966E-006   0.0000000000000000     
   5.7374902847263844E-007   0.0000000000000000     
   5.7374902795626436E-008   0.0000000000000000     
 
 part: i_fks reduced
 comp:           0
   1.0540925533894596        604.78560250720250        573.75000000000000     
   1.0050378152592121        576.64044650497294        573.75000000000000     
   1.0005003753127737        574.03709033570385        573.75000000000000     
   1.0000500037503124        573.77868965174173        573.75000000000000     
   1.0000050000375003        573.75286877151575        573.75000000000000     
   1.0000005000003749        573.75028687521512        573.75000000000000     
   1.0000000500000037        573.75002868750209        573.75000000000000     
   1.0000000050000000        573.75000286875002        573.75000000000000     
   1.0000000005000000        573.75000028687498        573.75000000000000     
   1.0000000000500000        573.75000002868751        573.75000000000000     
 comp:           1
   1.0540925533894596      -0.69649239775394534      -0.66075070496832322     
   1.0050378152592121      -0.66407944495234783      -0.66075070496832322     
   1.0005003753127737      -0.66108132830898714      -0.66075070496832322     
   1.0000500037503124      -0.66078374498159320      -0.66075070496832322     
   1.0000050000375003      -0.66075400874662638      -0.66075070496832322     
   1.0000005000003749      -0.66075103534392343      -0.66075070496832322     
   1.0000000500000037      -0.66075073800586093      -0.66075070496832322     
   1.0000000050000002      -0.66075070827207683      -0.66075070496832322     
   1.0000000005000000      -0.66075070529869862      -0.66075070496832322     
   1.0000000000500000      -0.66075070500136079      -0.66075070496832322     
 comp:           2
   1.0540925533894596      -0.86851954850521440      -0.82394998969727007     
   1.0050378152592121      -0.82810089752819460      -0.82394998969727007     
   1.0005003753127737      -0.82436227393107464      -0.82394998969727007     
   1.0000500037503124      -0.82399119028682477      -0.82394998969727007     
   1.0000050000375003      -0.82395410947811687      -0.82394998969727007     
   1.0000005000003749      -0.82395040167257383      -0.82394998969727007     
   1.0000000500000037      -0.82395003089477259      -0.82394998969727007     
   1.0000000050000000      -0.82394999381702005      -0.82394998969727007     
   1.0000000005000000      -0.82394999010924508      -0.82394998969727007     
   1.0000000000500000      -0.82394998973846756      -0.82394998969727007     
 comp:           3
   1.1111111058818135        637.49891688735033        573.74902789888927     
   1.0101010100577925        579.54447260034465        573.74902789888927     
   1.0010010010005765        574.32335124989584        573.74902789888927     
   1.0001000100009956        573.80640853974069        573.74902789888927     
   1.0000100001000005        573.75476544654350        573.74902789888927     
   1.0000010000009998        573.74960164849085        573.74902789888927     
   1.0000001000000098        573.74908527379773        573.74902789888927     
   1.0000000099999999        573.74903363637952        573.74902789888927     
   1.0000000009999999        573.74902847263820        573.74902789888927     
   1.0000000001000000        573.74902795626417        573.74902789888927     
 
 part: i_fks full/reduced
 comp:           0
  0.10540923698344089        63.749988898854788        604.78560250720250     
   1.0050377981879318E-002   5.7954544470146390        576.64044650497294     
   1.0005003736172091E-003  0.57432432335100725        574.03709033570385     
   1.0000500035808706E-004   5.7380738064085154E-002   573.77868965174173     
   1.0000050000205572E-005   5.7375573754765439E-003   573.75286877151575     
   1.0000004999986808E-006   5.7375057374960169E-004   573.75028687521512     
   1.0000000499998346E-007   5.7375005737490864E-005   573.75002868750209     
   1.0000000049999834E-008   5.7375000573749046E-006   573.75000286875002     
   1.0000000004999985E-009   5.7375000057374911E-007   573.75000028687498     
   1.0000000000500001E-010   5.7375000005737506E-008   573.75000002868751     
 comp:           1
  0.10000000000000001       -6.9649239775394542E-002 -0.69649239775394534     
   1.0000000000000000E-002  -6.6407944495234785E-003 -0.66407944495234783     
   1.0000000000000000E-003  -6.6108132830898709E-004 -0.66108132830898714     
   9.9999999999999991E-005  -6.6078374498159317E-005 -0.66078374498159320     
   1.0000000000000001E-005  -6.6075400874662638E-006 -0.66075400874662638     
   1.0000000000000002E-006  -6.6075103534392357E-007 -0.66075103534392343     
   1.0000000000000001E-007  -6.6075073800586095E-008 -0.66075073800586093     
   1.0000000000000002E-008  -6.6075070827207690E-009 -0.66075070827207683     
   1.0000000000000003E-009  -6.6075070529869880E-010 -0.66075070529869862     
   1.0000000000000003E-010  -6.6075070500136098E-011 -0.66075070500136079     
 comp:           2
  0.10000000000000001       -8.6851954850521440E-002 -0.86851954850521440     
   1.0000000000000000E-002  -8.2810089752819466E-003 -0.82810089752819460     
   1.0000000000000000E-003  -8.2436227393107458E-004 -0.82436227393107464     
   1.0000000000000000E-004  -8.2399119028682481E-005 -0.82399119028682477     
   1.0000000000000001E-005  -8.2395410947811692E-006 -0.82395410947811687     
   1.0000000000000004E-006  -8.2395040167257406E-007 -0.82395040167257383     
   1.0000000000000001E-007  -8.2395003089477267E-008 -0.82395003089477259     
   1.0000000000000002E-008  -8.2394999381702021E-009 -0.82394999381702005     
   1.0000000000000003E-009  -8.2394999010924532E-010 -0.82394999010924508     
   1.0000000000000004E-010  -8.2394998973846794E-011 -0.82394998973846756     
 comp:           3
   9.9999999999999992E-002   63.749891688735026        637.49891688735033     
   1.0000000000000002E-002   5.7954447260034474        579.54447260034465     
   9.9999999999999980E-004  0.57432335124989575        574.32335124989584     
   1.0000000000000002E-004   5.7380640853974076E-002   573.80640853974069     
   1.0000000000000001E-005   5.7375476544654358E-003   573.75476544654350     
   1.0000000000000004E-006   5.7374960164849104E-004   573.74960164849085     
   1.0000000000000002E-007   5.7374908527379783E-005   573.74908527379773     
   1.0000000000000002E-008   5.7374903363637966E-006   573.74903363637952     
   1.0000000000000005E-009   5.7374902847263844E-007   573.74902847263820     
   1.0000000000000003E-010   5.7374902795626436E-008   573.74902795626417     
     
 Collinear #           6
 
 part:           1
 comp:           0
  0.99999993001802667        573.76012956434954        573.76016971721845     
  0.99999999332029232        573.76016588466825        573.76016971721845     
  0.99999999933505646        573.76016933570031        573.76016971721845     
  0.99999999993353572        573.76016967908390        573.76016971721845     
  0.99999999999335343        573.76016971340493        573.76016971721845     
  0.99999999999933520        573.76016971683703        573.76016971721845     
  0.99999999999993339        573.76016971718025        573.76016971721845     
  0.99999999999999323        573.76016971721458        573.76016971721845     
  0.99999999999999900        573.76016971721788        573.76016971721845     
  0.99999999999999978        573.76016971721833        573.76016971721845     
 comp:           1
   0.0000000000000000        0.0000000000000000     
   0.0000000000000000        0.0000000000000000     
   0.0000000000000000        0.0000000000000000     
   0.0000000000000000        0.0000000000000000     
   0.0000000000000000        0.0000000000000000     
   0.0000000000000000        0.0000000000000000     
   0.0000000000000000        0.0000000000000000     
   0.0000000000000000        0.0000000000000000     
   0.0000000000000000        0.0000000000000000     
   0.0000000000000000        0.0000000000000000     
 comp:           2
   0.0000000000000000        0.0000000000000000     
   0.0000000000000000        0.0000000000000000     
   0.0000000000000000        0.0000000000000000     
   0.0000000000000000        0.0000000000000000     
   0.0000000000000000        0.0000000000000000     
   0.0000000000000000        0.0000000000000000     
   0.0000000000000000        0.0000000000000000     
   0.0000000000000000        0.0000000000000000     
   0.0000000000000000        0.0000000000000000     
   0.0000000000000000        0.0000000000000000     
 comp:           3
  0.99999993001802667        573.76012956434954        573.76016971721845     
  0.99999999332029232        573.76016588466825        573.76016971721845     
  0.99999999933505646        573.76016933570031        573.76016971721845     
  0.99999999993353572        573.76016967908390        573.76016971721845     
  0.99999999999335343        573.76016971340493        573.76016971721845     
  0.99999999999933520        573.76016971683703        573.76016971721845     
  0.99999999999993339        573.76016971718025        573.76016971721845     
  0.99999999999999323        573.76016971721458        573.76016971721845     
  0.99999999999999900        573.76016971721788        573.76016971721845     
  0.99999999999999978        573.76016971721833        573.76016971721845     
 
 part:           2
 comp:           0
   1.0000009292034986        573.75053313050728        573.75000000000000     
   1.0000000890359864        573.75005108439723        573.75000000000000     
   1.0000000088665211        573.75000508716641        573.75000000000000     
   1.0000000008862830        573.75000050850485        573.75000000000000     
   1.0000000000886244        573.75000005084826        573.75000000000000     
   1.0000000000088622        573.75000000508476        573.75000000000000     
   1.0000000000008862        573.75000000050841        573.75000000000000     
   1.0000000000000886        573.75000000005082        573.75000000000000     
   1.0000000000000087        573.75000000000500        573.75000000000000     
   1.0000000000000009        573.75000000000045        573.75000000000000     
 comp:           1
   0.0000000000000000        0.0000000000000000     
   0.0000000000000000        0.0000000000000000     
   0.0000000000000000        0.0000000000000000     
   0.0000000000000000        0.0000000000000000     
   0.0000000000000000        0.0000000000000000     
   0.0000000000000000        0.0000000000000000     
   0.0000000000000000        0.0000000000000000     
   0.0000000000000000        0.0000000000000000     
   0.0000000000000000        0.0000000000000000     
   0.0000000000000000        0.0000000000000000     
 comp:           2
   0.0000000000000000        0.0000000000000000     
   0.0000000000000000        0.0000000000000000     
   0.0000000000000000        0.0000000000000000     
   0.0000000000000000        0.0000000000000000     
   0.0000000000000000        0.0000000000000000     
   0.0000000000000000        0.0000000000000000     
   0.0000000000000000        0.0000000000000000     
   0.0000000000000000        0.0000000000000000     
   0.0000000000000000        0.0000000000000000     
   0.0000000000000000        0.0000000000000000     
 comp:           3
   1.0000009292034986       -573.75053313050728       -573.75000000000000     
   1.0000000890359864       -573.75005108439723       -573.75000000000000     
   1.0000000088665211       -573.75000508716641       -573.75000000000000     
   1.0000000008862830       -573.75000050850485       -573.75000000000000     
   1.0000000000886244       -573.75000005084826       -573.75000000000000     
   1.0000000000088622       -573.75000000508476       -573.75000000000000     
   1.0000000000008862       -573.75000000050841       -573.75000000000000     
   1.0000000000000886       -573.75000000005082       -573.75000000000000     
   1.0000000000000087       -573.75000000000500       -573.75000000000000     
   1.0000000000000009       -573.75000000000045       -573.75000000000000     
 
 part:           3
 comp:           0
  0.99999707605484078        573.74832238646491        573.75000000000000     
  0.99999909327681136        573.74947976757051        573.75000000000000     
  0.99999971381786013        573.74983580299727        573.75000000000000     
  0.99999990951855477        573.74994808627082        573.75000000000000     
  0.99999997138780017        573.74998358375035        573.75000000000000     
  0.99999999095204517        573.74999480873589        573.75000000000000     
  0.99999999713878618        573.74999835837855        573.75000000000000     
  0.99999999909520476        573.74999948087373        573.75000000000000     
  0.99999999971387854        573.74999983583780        573.75000000000000     
  0.99999999990952049        573.74999994808741        573.75000000000000     
 comp:           1
  0.99999452073166173        423.68797756284226        423.69029907568324     
  0.99999830086585617        423.68957916902968        423.69029907568324     
  0.99999946371537352        423.69007185708944        423.69029907568324     
  0.99999983044433260        423.69022723659180        423.69029907568324     
  0.99999994638281386        423.69027635860164        423.69029907568324     
  0.99999998304478921        423.69029189192491        423.69029907568324     
  0.99999999463829270        423.69029680397989        423.69029907568324     
  0.99999999830447928        423.69029835730754        423.69029907568324     
  0.99999999946382923        423.69029884851290        423.69029907568324     
  0.99999999983044796        423.69029900384567        423.69029907568324     
 comp:           2
   1.0000005169305148        201.89271366988916        201.89260930543870     
   1.0000001603013822        201.89264166910300        201.89260930543870     
   1.0000000505946909        201.89261952013285        201.89260930543870     
   1.0000000159963873        201.89261253499106        201.89260930543870     
   1.0000000050584053        201.89261032669333        201.89260930543870     
   1.0000000015996051        201.89260962838716        201.89260930543870     
   1.0000000005058396        201.89260940756395        201.89260930543870     
   1.0000000001599605        201.89260933773355        201.89260930543870     
   1.0000000000505840        201.89260931565121        201.89260930543870     
   1.0000000000159961        201.89260930866817        201.89260930543870     
 comp:           3
   1.0000000000000000        281.04442224851158        281.04442224851158     
   1.0000000000000000        281.04442224851158        281.04442224851158     
   1.0000000000000000        281.04442224851158        281.04442224851158     
   1.0000000000000000        281.04442224851158        281.04442224851158     
   1.0000000000000000        281.04442224851158        281.04442224851158     
   1.0000000000000000        281.04442224851158        281.04442224851158     
   1.0000000000000000        281.04442224851158        281.04442224851158     
   1.0000000000000000        281.04442224851158        281.04442224851158     
   1.0000000000000000        281.04442224851158        281.04442224851158     
   1.0000000000000000        281.04442224851158        281.04442224851158     
 
 part:           4
 comp:           0
   1.0000029239615642        573.75167762294745        573.75000000000000     
   1.0000009067247659        573.75052023333444        573.75000000000000     
   1.0000002861822972        573.75016419709300        573.75000000000000     
   1.0000000904814610        573.75005191373828        573.75000000000000     
   1.0000000286122015        573.75001641625056        573.75000000000000     
   1.0000000090479548        573.75000519126411        573.75000000000000     
   1.0000000028612142        573.75000164162168        573.75000000000000     
   1.0000000009047953        573.75000051912627        573.75000000000000     
   1.0000000002861216        573.75000016416220        573.75000000000000     
   1.0000000000904794        573.75000005191259        573.75000000000000     
 comp:           1
   1.0000054792843596       -423.69262059531229       -423.69029907568324     
   1.0000016991356842       -423.69101898298948       -423.69029907568324     
   1.0000005362847799       -423.69052629434208       -423.69029907568324     
   1.0000001695556830       -423.69037091478128       -423.69029907568324     
   1.0000000536171878       -423.69032179276559       -423.69029907568324     
   1.0000000169552108       -423.69030625944157       -423.69029907568324     
   1.0000000053617077       -423.69030134738676       -423.69029907568324     
   1.0000000016955208       -423.69029979405894       -423.69029907568324     
   1.0000000005361707       -423.69029930285359       -423.69029907568324     
   1.0000000001695522       -423.69029914752082       -423.69029907568324     
 comp:           2
  0.99999948306797382       -201.89250494068310       -201.89260930543870     
  0.99999983969847250       -201.89257694174503       -201.89260930543870     
  0.99999994940529457       -201.89259909074161       -201.89260930543870     
  0.99999998400361123       -201.89260607588602       -201.89260930543870     
  0.99999999494159464       -201.89260828418404       -201.89260930543870     
  0.99999999840039477       -201.89260898249023       -201.89260930543870     
  0.99999999949416052       -201.89260920331344       -201.89260930543870     
  0.99999999984003951       -201.89260927314385       -201.89260930543870     
  0.99999999994941613       -201.89260929522618       -201.89260930543870     
  0.99999999998400402       -201.89260930220922       -201.89260930543870     
 comp:           3
   1.0000000000000000       -281.04442224851158       -281.04442224851158     
   1.0000000000000000       -281.04442224851158       -281.04442224851158     
   1.0000000000000000       -281.04442224851158       -281.04442224851158     
   1.0000000000000000       -281.04442224851158       -281.04442224851158     
   1.0000000000000000       -281.04442224851158       -281.04442224851158     
   1.0000000000000000       -281.04442224851158       -281.04442224851158     
   1.0000000000000000       -281.04442224851158       -281.04442224851158     
   1.0000000000000000       -281.04442224851158       -281.04442224851158     
   1.0000000000000000       -281.04442224851158       -281.04442224851158     
   1.0000000000000000       -281.04442224851158       -281.04442224851158     
 
 part:           5
 comp:           0
   1.0484741331065104        1.0662685444477370E-002   1.0169717218378137E-002
   1.0046462395165381        1.0216968160390182E-002   1.0169717218378137E-002
   1.0004627029457889        1.0174422776492919E-002   1.0169717218378137E-002
   1.0000462511711612        1.0170187579709864E-002   1.0169717218378137E-002
   1.0000046249259691        1.0169764252567399E-002   1.0169717218378137E-002
   1.0000004624906853        1.0169721921777623E-002   1.0169717218378137E-002
   1.0000000462490493        1.0169717688717890E-002   1.0169717218378137E-002
   1.0000000046249049        1.0169717265412112E-002   1.0169717218378137E-002
   1.0000000004624900        1.0169717223081531E-002   1.0169717218378137E-002
   1.0000000000462486        1.0169717218848472E-002   1.0169717218378137E-002
 comp:           1
   4.6430324700473822E-003   0.0000000000000000     
   1.4398139597934191E-003   0.0000000000000000     
   4.5443725260818272E-004   0.0000000000000000     
   1.4367818946706061E-004   0.0000000000000000     
   4.5434163907644746E-005   0.0000000000000000     
   1.4367516675186037E-005   0.0000000000000000     
   4.5434068312647642E-006   0.0000000000000000     
   1.4367513684412662E-006   0.0000000000000000     
   4.5434066736736270E-007   0.0000000000000000     
   1.4367514216794716E-007   0.0000000000000000     
 comp:           2
  -2.0872920606223566E-004  -0.0000000000000000     
  -6.4727357959212611E-005  -0.0000000000000000     
  -2.0429391255375307E-005  -0.0000000000000000     
  -6.4591050373621405E-006  -0.0000000000000000     
  -2.0425092914431827E-006  -0.0000000000000000     
  -6.4589691501057040E-007  -0.0000000000000000     
  -2.0425049939354705E-007  -0.0000000000000000     
  -6.4589678055927026E-008  -0.0000000000000000     
  -2.0425049230898036E-008  -0.0000000000000000     
  -6.4589680449269839E-009  -0.0000000000000000     
 comp:           3
  0.94362838574292041        9.5964338422401436E-003   1.0169717218378137E-002
  0.99459995334461981        1.0114800270926871E-002   1.0169717218378137E-002
  0.99946225795733035        1.0164248533867753E-002   1.0169717218378137E-002
  0.99994624831841061        1.0169170578976360E-002   1.0169717218378137E-002
  0.99999462505696557        1.0169662556727412E-002   1.0169717218378137E-002
  0.99999946250794747        1.0169711752235955E-002   1.0169717218378137E-002
  0.99999994625081712        1.0169716671764147E-002   1.0169717218378137E-002
  0.99999999462508227        1.0169717163716743E-002   1.0169717218378137E-002
  0.99999999946250784        1.0169717212911994E-002   1.0169717218378137E-002
  0.99999999994625044        1.0169717217831518E-002   1.0169717218378137E-002
 
 part: i_fks+j_fks
 comp:           0
   1.0000007891926892        573.77079224979400        573.77033943443678     
   1.0000000756720746        573.77038285282867        573.77033943443678     
   1.0000000075361859        573.77034375847677        573.77033943443678     
   1.0000000007533096        573.77033986666356        573.77033943443678     
   1.0000000000753277        573.77033947765756        573.77033943443678     
   1.0000000000075326        573.77033943875881        573.77033943443678     
   1.0000000000007534        573.77033943486902        573.77033943443678     
   1.0000000000000753        573.77033943447998        573.77033943443678     
   1.0000000000000073        573.77033943444098        573.77033943443678     
   1.0000000000000009        573.77033943443723        573.77033943443678     
 comp:           1
   4.6430324700473822E-003   0.0000000000000000     
   1.4398139597934191E-003   0.0000000000000000     
   4.5443725260818272E-004   0.0000000000000000     
   1.4367818946706061E-004   0.0000000000000000     
   4.5434163907644746E-005   0.0000000000000000     
   1.4367516675186037E-005   0.0000000000000000     
   4.5434068312647642E-006   0.0000000000000000     
   1.4367513684412662E-006   0.0000000000000000     
   4.5434066736736270E-007   0.0000000000000000     
   1.4367514216794716E-007   0.0000000000000000     
 comp:           2
  -2.0872920606223566E-004   0.0000000000000000     
  -6.4727357959212611E-005   0.0000000000000000     
  -2.0429391255375307E-005   0.0000000000000000     
  -6.4591050373621405E-006   0.0000000000000000     
  -2.0425092914431827E-006   0.0000000000000000     
  -6.4589691501057040E-007   0.0000000000000000     
  -2.0425049939354705E-007   0.0000000000000000     
  -6.4589678055927026E-008   0.0000000000000000     
  -2.0425049230898036E-008   0.0000000000000000     
  -6.4589680449269839E-009   0.0000000000000000     
 comp:           3
  0.99999893086797487        573.76972599819180        573.77033943443678     
  0.99999989760799124        573.77028068493917        573.77033943443678     
  0.99999998980393001        573.77033358423421        573.77033943443678     
  0.99999999898082226        573.77033884966283        573.77033943443678     
  0.99999999989808608        573.77033937596161        573.77033943443678     
  0.99999999998980871        573.77033942858930        573.77033943443678     
  0.99999999999898082        573.77033943385197        573.77033943443678     
  0.99999999999989819        573.77033943437834        573.77033943443678     
  0.99999999999998945        573.77033943443075        573.77033943443678     
  0.99999999999999900        573.77033943443621        573.77033943443678     
     
 Collinear #          60
 
 part:           1
 comp:           0
  0.99999993658599895        573.75917877962513        573.75921516399262     
  0.99999999394719818        573.75921169114179        573.75921516399262     
  0.99999999939746309        573.75921481828152        573.75921516399262     
  0.99999999993977384        573.75921512943728        573.75921516399262     
  0.99999999999397760        573.75921516053722        573.75921516399262     
  0.99999999999939782        573.75921516364713        573.75921516399262     
  0.99999999999993971        573.75921516395806        573.75921516399262     
  0.99999999999999400        573.75921516398921        573.75921516399262     
  0.99999999999999944        573.75921516399228        573.75921516399262     
  0.99999999999999978        573.75921516399251        573.75921516399262     
 comp:           1
   0.0000000000000000        0.0000000000000000     
   0.0000000000000000        0.0000000000000000     
   0.0000000000000000        0.0000000000000000     
   0.0000000000000000        0.0000000000000000     
   0.0000000000000000        0.0000000000000000     
   0.0000000000000000        0.0000000000000000     
   0.0000000000000000        0.0000000000000000     
   0.0000000000000000        0.0000000000000000     
   0.0000000000000000        0.0000000000000000     
   0.0000000000000000        0.0000000000000000     
 comp:           2
   0.0000000000000000        0.0000000000000000     
   0.0000000000000000        0.0000000000000000     
   0.0000000000000000        0.0000000000000000     
   0.0000000000000000        0.0000000000000000     
   0.0000000000000000        0.0000000000000000     
   0.0000000000000000        0.0000000000000000     
   0.0000000000000000        0.0000000000000000     
   0.0000000000000000        0.0000000000000000     
   0.0000000000000000        0.0000000000000000     
   0.0000000000000000        0.0000000000000000     
 comp:           3
  0.99999993658599895        573.75917877962513        573.75921516399262     
  0.99999999394719818        573.75921169114179        573.75921516399262     
  0.99999999939746309        573.75921481828152        573.75921516399262     
  0.99999999993977384        573.75921512943728        573.75921516399262     
  0.99999999999397760        573.75921516053722        573.75921516399262     
  0.99999999999939782        573.75921516364713        573.75921516399262     
  0.99999999999993971        573.75921516395806        573.75921516399262     
  0.99999999999999400        573.75921516398921        573.75921516399262     
  0.99999999999999944        573.75921516399228        573.75921516399262     
  0.99999999999999978        573.75921516399251        573.75921516399262     
 
 part:           2
 comp:           0
   1.0000008419869346        573.75048309000363        573.74999999999989     
   1.0000000806789291        573.75004628953548        573.74999999999989     
   1.0000000080342955        573.75000460967692        573.74999999999989     
   1.0000000008030954        573.75000046077582        573.74999999999989     
   1.0000000000803062        573.75000004607557        573.74999999999989     
   1.0000000000080307        573.75000000460750        573.74999999999989     
   1.0000000000008031        573.75000000046066        573.74999999999989     
   1.0000000000000804        573.75000000004604        573.74999999999989     
   1.0000000000000082        573.75000000000455        573.74999999999989     
   1.0000000000000009        573.75000000000034        573.74999999999989     
 comp:           1
   0.0000000000000000        0.0000000000000000     
   0.0000000000000000        0.0000000000000000     
   0.0000000000000000        0.0000000000000000     
   0.0000000000000000        0.0000000000000000     
   0.0000000000000000        0.0000000000000000     
   0.0000000000000000        0.0000000000000000     
   0.0000000000000000        0.0000000000000000     
   0.0000000000000000        0.0000000000000000     
   0.0000000000000000        0.0000000000000000     
   0.0000000000000000        0.0000000000000000     
 comp:           2
   0.0000000000000000        0.0000000000000000     
   0.0000000000000000        0.0000000000000000     
   0.0000000000000000        0.0000000000000000     
   0.0000000000000000        0.0000000000000000     
   0.0000000000000000        0.0000000000000000     
   0.0000000000000000        0.0000000000000000     
   0.0000000000000000        0.0000000000000000     
   0.0000000000000000        0.0000000000000000     
   0.0000000000000000        0.0000000000000000     
   0.0000000000000000        0.0000000000000000     
 comp:           3
   1.0000008419869346       -573.75048309000363       -573.74999999999989     
   1.0000000806789291       -573.75004628953548       -573.74999999999989     
   1.0000000080342955       -573.75000460967692       -573.74999999999989     
   1.0000000008030954       -573.75000046077582       -573.74999999999989     
   1.0000000000803062       -573.75000004607557       -573.74999999999989     
   1.0000000000080307       -573.75000000460750       -573.74999999999989     
   1.0000000000008031       -573.75000000046066       -573.74999999999989     
   1.0000000000000804       -573.75000000004604       -573.74999999999989     
   1.0000000000000082       -573.75000000000455       -573.74999999999989     
   1.0000000000000009       -573.75000000000034       -573.74999999999989     
 
 part:           3
 comp:           0
  0.99999885881610018        573.74934524573746        573.75000000000000     
  0.99999964611506165        573.74979695851664        573.75000000000000     
  0.99999988830591624        573.74993591551947        573.75000000000000     
  0.99999996468597152        573.74997973857614        573.75000000000000     
  0.99999998883293573        573.74999359289689        573.75000000000000     
  0.99999999646867099        573.74999797390001        573.75000000000000     
  0.99999999888329583        573.74999935929100        573.75000000000000     
  0.99999999964686714        573.74999979739005        573.75000000000000     
  0.99999999988832955        573.74999993592905        573.75000000000000     
  0.99999999996468669        573.74999997973896        573.75000000000000     
 comp:           1
  0.99999190038848940        253.59200217436975        253.59405618770626     
  0.99999748829265944        253.59341923365380        253.59405618770626     
  0.99999920724929947        253.59385515084057        253.59405618770626     
  0.99999974935815872        253.59399262642506        253.59405618770626     
  0.99999992074160537        253.59403608824849        253.59405618770626     
  0.99999997493634296        253.59404983171180        253.59405618770626     
  0.99999999207417711        253.59405417776469        253.59405618770626     
  0.99999999749363477        253.59405555210694        253.59405618770626     
  0.99999999920741778        253.59405598671211        253.59405618770626     
  0.99999999974936349        253.59405612414633        253.59405618770626     
 comp:           2
   1.0000014816554279        313.06731490730181        313.06685105010268     
   1.0000004594646064        313.06699489324018        313.06685105010268     
   1.0000001450172489        313.06689645019617        313.06685105010268     
   1.0000000458497107        313.06686540412721        313.06685105010268     
   1.0000000144986745        313.06685558915706        313.06685105010268     
   1.0000000045848747        313.06685248547495        313.06685105010268     
   1.0000000014498645        313.06685150400716        313.06685105010268     
   1.0000000004584872        313.06685119363988        313.06685105010268     
   1.0000000001449865        313.06685109549312        313.06685105010268     
   1.0000000000458487        313.06685106445639        313.06685105010268     
 comp:           3
   1.0000000000000000       -370.05305557425049       -370.05305557425049     
   1.0000000000000000       -370.05305557425049       -370.05305557425049     
   1.0000000000000000       -370.05305557425049       -370.05305557425049     
   1.0000000000000000       -370.05305557425049       -370.05305557425049     
   1.0000000000000000       -370.05305557425049       -370.05305557425049     
   1.0000000000000000       -370.05305557425049       -370.05305557425049     
   1.0000000000000000       -370.05305557425049       -370.05305557425049     
   1.0000000000000000       -370.05305557425049       -370.05305557425049     
   1.0000000000000000       -370.05305557425049       -370.05305557425049     
   1.0000000000000000       -370.05305557425049       -370.05305557425049     
 
 part:           4
 comp:           0
   1.0000011411973695        573.75065476199075        573.75000000000000     
   1.0000003538862339        573.75020304222664        573.75000000000000     
   1.0000001116942130        573.75006408455465        573.75000000000000     
   1.0000000353140412        573.75002026143113        573.75000000000000     
   1.0000000111670655        573.75000640710380        573.75000000000000     
   1.0000000035313295        573.75000202610022        573.75000000000000     
   1.0000000011167041        573.75000064070900        573.75000000000000     
   1.0000000003531329        573.75000020260995        573.75000000000000     
   1.0000000001116705        573.75000006407095        573.75000000000000     
   1.0000000000353133        573.75000002026104        573.75000000000000     
 comp:           1
   1.0000080996207537       -253.59611020338676       -253.59405618770626     
   1.0000025117082294       -253.59469314198412       -253.59405618770626     
   1.0000007927507892       -253.59425722459446       -253.59405618770626     
   1.0000002506418502       -253.59411974898970       -253.59405618770626     
   1.0000000792583954       -253.59407628716426       -253.59405618770626     
   1.0000000250636574       -253.59406254370080       -253.59405618770626     
   1.0000000079258229       -253.59405819764783       -253.59405618770626     
   1.0000000025063651       -253.59405682330558       -253.59405618770626     
   1.0000000007925822       -253.59405638870041       -253.59405618770626     
   1.0000000002506364       -253.59405625126618       -253.59405618770626     
 comp:           2
  0.99999851834288123       -313.06638719237418       -313.06685105010268     
  0.99999954053523110       -313.06670720691432       -313.06685105010268     
  0.99999985498273491       -313.06680565000414       -313.06685105010268     
  0.99999995415028775       -313.06683669607764       -313.06685105010268     
  0.99999998550132529       -313.06684651104825       -313.06685105010268     
  0.99999999541512530       -313.06684961473042       -313.06685105010268     
  0.99999999855013566       -313.06685059619821       -313.06685105010268     
  0.99999999954151264       -313.06685090656549       -313.06685105010268     
  0.99999999985501364       -313.06685100471225       -313.06685105010268     
  0.99999999995415134       -313.06685103574898       -313.06685105010268     
 comp:           3
   1.0000000000000000        370.05305557425049        370.05305557425049     
   1.0000000000000000        370.05305557425049        370.05305557425049     
   1.0000000000000000        370.05305557425049        370.05305557425049     
   1.0000000000000000        370.05305557425049        370.05305557425049     
   1.0000000000000000        370.05305557425049        370.05305557425049     
   1.0000000000000000        370.05305557425049        370.05305557425049     
   1.0000000000000000        370.05305557425049        370.05305557425049     
   1.0000000000000000        370.05305557425049        370.05305557425049     
   1.0000000000000000        370.05305557425049        370.05305557425049     
   1.0000000000000000        370.05305557425049        370.05305557425049     
 
 part:           5
 comp:           0
   1.0484742222914247        9.6618619005254570E-003   9.2151639926917831E-003
   1.0046462484581444        9.2579799341843752E-003   9.2151639926917831E-003
   1.0004627038399883        9.2194278844573239E-003   9.2151639926917831E-003
   1.0000462512605819        9.2155902056429134E-003   9.2151639926917831E-003
   1.0000046249349110        9.2152066122254440E-003   9.2151639926917831E-003
   1.0000004624915795        9.2151682546275336E-003   9.2151639926917831E-003
   1.0000000462491394        9.2151644188851866E-003   9.2151639926917831E-003
   1.0000000046249142        9.2151640353111269E-003   9.2151639926917831E-003
   1.0000000004624912        9.2151639969537159E-003   9.2151639926917831E-003
   1.0000000000462490        9.2151639931179752E-003   9.2151639926917831E-003
 comp:           1
   4.1080290169908185E-003   0.0000000000000000     
   1.2739083303219150E-003   0.0000000000000000     
   4.0207375389243836E-004   0.0000000000000000     
   1.2712256462238611E-004   0.0000000000000000     
   4.0198915778638621E-005   0.0000000000000000     
   1.2711989021081318E-005   0.0000000000000000     
   4.0198831198931409E-006   0.0000000000000000     
   1.2711986374931007E-006   0.0000000000000000     
   4.0198829804609292E-007   0.0000000000000000     
   1.2711986845968260E-007   0.0000000000000000     
 comp:           2
  -9.2771492763311220E-004  -0.0000000000000000     
  -2.8768632587252623E-004  -0.0000000000000000     
  -9.0800192002716540E-005  -0.0000000000000000     
  -2.8708049614893005E-005  -0.0000000000000000     
  -9.0781087690142389E-006  -0.0000000000000000     
  -2.8707445653351210E-006  -0.0000000000000000     
  -9.0780896684050109E-007  -0.0000000000000000     
  -2.8707439677558111E-007  -0.0000000000000000     
  -9.0780893535256775E-008  -0.0000000000000000     
  -2.8707440741300086E-008  -0.0000000000000000     
 comp:           3
  0.94362830964208089        8.6956896214983159E-003   9.2151639926917831E-003
  0.99459994565635224        9.1654016063456214E-003   9.2151639926917831E-003
  0.99946225718793946        9.2102086044927537E-003   9.2151639926917831E-003
  0.99994624824146650        9.2146686614220010E-003   9.2151639926917831E-003
  0.99999462504927128        9.2151144616393656E-003   9.2151639926917831E-003
  0.99999946250717819        9.2151590396072850E-003   9.2151639926917831E-003
  0.99999994625074085        9.2151634973835460E-003   9.2151639926917831E-003
  0.99999999462507461        9.2151639431609644E-003   9.2151639926917831E-003
  0.99999999946250717        9.2151639877386983E-003   9.2151639926917831E-003
  0.99999999994625055        9.2151639921964727E-003   9.2151639926917831E-003
 
 part: i_fks+j_fks
 comp:           0
   1.0000007151204540        573.76884064152568        573.76843032798536     
   1.0000000685696329        573.76846967107599        573.76843032798536     
   1.0000000068288535        573.76843424616595        573.76843032798536     
   1.0000000006826055        573.76843071964288        573.76843032798536     
   1.0000000000682576        573.76843036714945        573.76843032798536     
   1.0000000000068257        573.76843033190175        573.76843032798536     
   1.0000000000006823        573.76843032837689        573.76843032798536     
   1.0000000000000684        573.76843032802458        573.76843032798536     
   1.0000000000000067        573.76843032798922        573.76843032798536     
   1.0000000000000004        573.76843032798558        573.76843032798536     
 comp:           1
   4.1080290169908185E-003   0.0000000000000000     
   1.2739083303219150E-003   0.0000000000000000     
   4.0207375389243836E-004   0.0000000000000000     
   1.2712256462238611E-004   0.0000000000000000     
   4.0198915778638621E-005   0.0000000000000000     
   1.2711989021081318E-005   0.0000000000000000     
   4.0198831198931409E-006   0.0000000000000000     
   1.2711986374931007E-006   0.0000000000000000     
   4.0198829804609292E-007   0.0000000000000000     
   1.2711986845968260E-007   0.0000000000000000     
 comp:           2
  -9.2771492763311220E-004   0.0000000000000000     
  -2.8768632587252623E-004   0.0000000000000000     
  -9.0800192002716540E-005   0.0000000000000000     
  -2.8708049614893005E-005   0.0000000000000000     
  -9.0781087690142389E-006   0.0000000000000000     
  -2.8707445653351210E-006   0.0000000000000000     
  -9.0780896684050109E-007   0.0000000000000000     
  -2.8707439677558111E-007   0.0000000000000000     
  -9.0780893535256775E-008   0.0000000000000000     
  -2.8707440741300086E-008   0.0000000000000000     
 comp:           3
  0.99999903121414613        573.76787446924664        573.76843032798536     
  0.99999990721825316        573.76837709274810        573.76843032798536     
  0.99999999076090795        573.76842502688601        573.76843032798536     
  0.99999999907647996        573.76842979809874        573.76843032798536     
  0.99999999990765176        573.76843027499888        573.76843032798536     
  0.99999999999076528        573.76843032268675        573.76843032798536     
  0.99999999999907652        573.76843032745546        573.76843032798536     
  0.99999999999990763        573.76843032793238        573.76843032798536     
  0.99999999999999067        573.76843032798001        573.76843032798536     
  0.99999999999999878        573.76843032798467        573.76843032798536     
