   0.0000000000000000        0.0000000000000000        0.0000000000000000        0.0000000000000000        0.0000000000000000        0.0000000000000000        0.0000000000000000     
   4.6031217848030659E-002   1.3225701777161201E-002  0.88775904442183529        3.4764401970247473E-002   2.1629775881815846E-002   1.0847162308463835E-002   1.2152102777238626E-002
   7.9625768324234125E-002   2.6777551606282247E-002  0.89619167239936892        5.9782010332109649E-002   4.2590495577034926E-002   2.1981857086082069E-002   2.4393042698237895E-002
  0.10712000005349889        4.0520674060332433E-002  0.89673993606962721        8.0525604949524821E-002   6.1906248811325712E-002   3.3129980965896651E-002   3.6770283641499785E-002
  0.13344840522901191        5.4325004735715672E-002  0.89728819973988549        9.9386482831595679E-002   8.0928710636902906E-002   4.4205490039458138E-002   4.8812493773651232E-002
  0.15868608328513401        6.8108764122459059E-002  0.89783646341014367       0.11719479422069262        9.9937945279361770E-002   5.6073486305832032E-002   6.0340262003916338E-002
  0.18339870519310369        8.1413546035022363E-002  0.89838562515385012       0.13424778360076495       0.11881617710797010        6.7889454965744375E-002   7.1641627794931509E-002
  0.20721266218099593        9.4914097830559513E-002  0.89893486182536331       0.15124142046203923       0.13731341915750006        7.9493368911742288E-002   8.2889974787911727E-002
  0.23045659493527823       0.10872255492142927       0.89948409849687638       0.16792036976973526       0.15560391348330052        9.0920834859566216E-002   9.4128081404754968E-002
  0.25362666957867719       0.12277302523897346       0.90003332823438142       0.18282266635169472       0.17319794604772584       0.10217008610052652       0.10545704317527768     
  0.26675506016472250       0.13670021528134682       0.90058251091893515       0.19130973152583475       0.18785472217639620       0.11310346340306260       0.11672150576237304     
  0.27785660660569678       0.14924030986777059       0.90113169360348899       0.19954258344878301       0.19887983823581726       0.12432336048057532       0.12640413181681323     
  0.28883169736868047       0.16149103572091625       0.90168087628804272       0.20766934599009154       0.20998308375006650       0.13551610026068966       0.13651783068752887     
  0.29950557049261767       0.17390885928369473       0.91326687041295629       0.21571959554138848       0.22126513555480787       0.14691135110975043       0.14658618716301100     
  0.31032256141841552       0.18642373292011949       0.91980316256731864       0.22393932126029023       0.23239894571594646       0.15861970669291600       0.15647452329883857     
  0.32131933121894962       0.19867055044931548       0.92712611026025138       0.23229313234342164       0.24335246946824968       0.17006890896203686       0.16625088819990172     
  0.33237953163278061       0.21027226039945049       0.92806879976683110       0.24087811665462924       0.25488513562971654       0.18203182152161099       0.17618141305449361     
  0.34321009258282625       0.22199491682510392       0.92901148927341082       0.25002399951198684       0.26651313598889687       0.19348014506843192       0.18622660932777724     
  0.35421058026541968       0.23394939463111047       0.92950256650064300       0.25935382884742120       0.27854578708442385       0.20502527849819885       0.19660030109313573     
  0.36545263332467842       0.24635961619361818       0.92992216102180991       0.26885173365749460       0.29081099754911738       0.21678164560449215       0.20717585789134713     
  0.37567635515795378       0.25966790026340503       0.93034175554297671       0.27800107968440724       0.30292784805597411       0.23002599134442756       0.22037823566630088     
  0.38347484563056239       0.27385901529950674       0.93076135006414362       0.28663946374353200       0.31497029953179478       0.24904247069902324       0.23688320833358426     
  0.39143426064795422       0.28781314262158308       0.93118094458531042       0.29517771822335714       0.32771489627234174       0.26842929304867275       0.25386063840232692     
  0.39941195487972719       0.30202739895951219       0.93160004257322260       0.30345877194515941       0.34080782251313424       0.28797851177676193       0.27088348097805698     
  0.40704724458693475       0.31655577827280634       0.93201908316785298       0.31161676645680103       0.35440408985093147       0.30663502971921697       0.28854817790132720     
  0.41445262907926494       0.33154080472336189       0.93243812376248336       0.31980710811499946       0.36797130001234807       0.32509676398391746       0.30552952707389025     
  0.42158991058465173       0.34708570727461385       0.93285716435711374       0.32808261533174798       0.38175187623698009       0.34371790905954719       0.32265880987777962     
  0.42869272753808046       0.36322209908955755       0.93327620495174424       0.33641613619672550       0.39597007539225132       0.36245836856511920       0.34022525045450358     
  0.43589629500529059       0.37991467981929433       0.93371749676061577       0.34476273070537949       0.41030352120985614       0.38145726674982683       0.35805803070926956     
  0.44322132549476917       0.39628027081026951       0.93416064839451840       0.35314365898408467       0.42278013065595682       0.39735307498457817       0.37315690909989918     
  0.45055706082784164       0.41165871749287158       0.93460380002842103       0.36072412721966896       0.43350090351611109       0.41282386659839965       0.38747407368167242     
  0.45787258933647368       0.42655202102280670       0.93504695166232377       0.36757325252726675       0.44411007933533653       0.42828250024114795       0.40195694093859696     
  0.46518871737771861       0.44123709284399903       0.93620236716291549       0.37477288588846902       0.45485986863824468       0.44407873522987162       0.41579255794950060     
  0.47291285666236021       0.45571586175340584       0.93986134090881679       0.38215300620556442       0.46573433782042395       0.45997382698936840       0.42892407868844268     
  0.48108585738410059       0.47024336657658566       0.95251076107515675       0.38962139994076506       0.47685638800107971       0.47558984893401079       0.44181022948269028     
  0.48998429990109138       0.48475518815288265       0.95728751282291191       0.39737792452590770       0.48829781143622591       0.49081681950246886       0.45469221866130005     
  0.49948008951744627       0.49855808092784726       0.96438519292796121       0.40491432338460387       0.49995459641518936       0.50619608405278294       0.46800673545259375     
  0.50903046957822284       0.51267133239617257       0.97513347115013427       0.41267656611019904       0.51299992855693766       0.51986377069662859       0.48285950689177559     
  0.51926802078368939       0.52809938964681424       0.98614760508819199       0.42070869562745877       0.52924331400226465       0.53263096035418467       0.49999113514766641     
  0.52947641194647022       0.54660568263039311       0.99144891240484334       0.42892487263126844       0.54589647965848120       0.54643933722795746       0.51807412885831539     
  0.53956581807688053       0.56677075900237117       0.99234949513566717       0.43761386086317439       0.56269218373768426       0.56047569232619043       0.53611456419785120     
  0.54988415418359393       0.58671500388696463       0.99306604932098874       0.44613772980813809       0.58029149465118079       0.57428207322667313       0.55404626018904601     
  0.56032180977556378       0.60661255924203505       0.99376270961395075       0.45442895066538047       0.59841354799358082       0.58742465005533584       0.57239284920146161     
  0.57083458594783565       0.62766275777489500       0.99407114879168024       0.46249575799293113       0.61646461137567621       0.59973674557038459       0.59070902586374952     
  0.58112713626750034       0.64811031681773135       0.99437958796940984       0.47039601328520603       0.63408386314534226       0.61523579080740709       0.60865640968477364     
  0.59209358650194610       0.66613358475615869       0.99468802714713933       0.47779918250881320       0.65229999710895947       0.63154180633414592       0.62620486680024312     
  0.60362900605424241       0.68431856965936888       0.99499646632486882       0.48669162820539219       0.67103299413031803       0.64770875321752086       0.64397058229669313     
  0.61513017470886022       0.70254363304977385       0.99530490550259831       0.49680157760734955       0.68904605193074553       0.66272568303303059       0.66162789663040178     
  0.62676647467933466       0.72006450004365052       0.99561334468032781       0.50748807910223848       0.70678574216913559       0.67762123828769982       0.67958238529752335     
  0.63824526991264352       0.73721278452410344       0.99591732928845011       0.51897164214601821       0.72483953579884008       0.69327162153810951       0.69770214082749560     
  0.64971170367689290       0.75526318832473804       0.99621050234747188       0.53054713048308877       0.74223335177881378       0.70932932666099224       0.71559899314942566     
  0.66103149324434118       0.77417595859864019       0.99650367540649365       0.54197284936425261       0.76174021807722792       0.73161204238460353       0.73444541182927914     
  0.67237045487074754       0.79440822839807124       0.99679684846551542       0.55380657989308957       0.78036878501436013       0.75315536793375726       0.75397585354544849     
  0.68479959410929470       0.81425865624679417       0.99709002152453718       0.56636205384346405       0.79927388431015434       0.77484152762047831       0.77459580005178508     
  0.69686521824399528       0.83455694497618327       0.99738319458355906       0.58518778157689477       0.81794103288851960       0.79615575718986420       0.79446513511420758     
  0.70957618712446058       0.85334467649947698       0.99767636764258083       0.60466524870225569       0.83654666672576650       0.81725110181684657       0.81375088923643524     
  0.72327142701003322       0.87187286588730095       0.99796249808091664       0.62396921890336909       0.85541147177532417       0.83846689461620505       0.83231163453022461     
  0.73866721753946440       0.89026156804651813       0.99821718582080210       0.64316317570785242       0.87398632963127154       0.86076795150231145       0.85196162359015382     
  0.75447475988819923       0.90846931191828872       0.99847187356068745       0.66353540123759669       0.89075049972708320       0.88083457584311120       0.87398234779369988     
  0.76904143371187605       0.92300052317950843       0.99872656130057291       0.68657838443356833       0.90748280728420050       0.89993050967115207       0.89542442274156386     
  0.79940958255597694       0.93796076270956108       0.99898124904045837       0.72365614255516142       0.92469421417768560       0.91991899949668399       0.91630462625718334     
  0.83166179879008273       0.95313563659458878       0.99923593678034373       0.77553051405317142       0.94300262630598508       0.94061495612539547       0.93811534590101187     
  0.87006366859676032       0.96834495831050704       0.99949062452022919       0.84206466081695630       0.96163741949731718       0.96022837084586810       0.96003898086123585     
  0.92041091193361901       0.98408229188578222       0.99974531226011454       0.91611295387587266       0.98090965706798505       0.97963907656127514       0.98079868518672519     
   1.0000000000000000        1.0000000000000000        1.0000000000000000        1.0000000000000000        1.0000000000000000        1.0000000000000000        1.0000000000000000     
   51.476797338080608        67.104034777007371        0.0000000000000000        68.921695955547349        69.626446123900394        67.648535810671120        67.324000744166838     
   62.826985012301790        67.185255919925751        0.0000000000000000        67.858444532021807        67.582875272976253        68.528474527002317        68.063130047485217     
   66.795312768964806        68.874406986146241        0.0000000000000000        66.680557822485454        66.444526015656592        67.977589413052328        71.473846620522977     
   67.874135949452508        67.635988220125569        0.0000000000000000        68.084451443469490        67.970485632699223        67.613089836046967        67.237949474109584     
   69.629688431981990        68.607482639751638        0.0000000000000000        68.764296509815154        67.732512354517510        67.868490019897735        69.277765750403546     
   68.017197713456866        67.871235637166649        0.0000000000000000        66.968403251887409        69.639562869926124        68.143340323376790        66.989643119191655     
   66.052946242480417        69.238039032187643        0.0000000000000000        73.106573849425160        68.197250775903441        70.672723374437751        66.072122532204759     
   70.804480544791403        68.577883643135266        67.759589275056200        69.630525148655579        67.977164480855251        67.261649297939499        69.197891017302553     
   8.4230937972988031E-004   1.7274588394536642E-004   7.5430799159355220E-007   79.136032853187430        1.5474786269934755E-005   3.6315165216205791E-006
           5           7           6
   8.3454486121452842E-003   66.347565932419073     
