   0.0000000000000000        0.0000000000000000        0.0000000000000000        0.0000000000000000        0.0000000000000000        0.0000000000000000        0.0000000000000000     
   4.5837655952798997E-002   1.3091732634116664E-002  0.48127076963197024        5.0969618328006214E-002   2.8397568740939221E-002   1.1107911149678880E-002   1.4767210964757549E-002
   7.9263393168249027E-002   2.5924036979917933E-002  0.89058813897905342        8.7146336500047689E-002   5.0208518020370074E-002   2.2477602853799052E-002   2.9428426837327409E-002
  0.10765116395304497        3.8785281085211579E-002  0.89796346976487107       0.11628170359009427        7.0214335684171930E-002   3.3214698613149587E-002   4.3879512505878696E-002
  0.13431831912488834        5.1560229772352875E-002  0.89855818036271862       0.14244202501688705        8.9574663024416232E-002   4.2783843364049237E-002   5.8165320823487202E-002
  0.15981314049501644        6.4232004033176582E-002  0.89915289096056616       0.16749629730910742       0.10884210977499512        5.1968714938875171E-002   7.2808313133178634E-002
  0.18538415298719180        7.6775620756192542E-002  0.89974760155841360       0.19205387381950073       0.12906994554823259        6.1013360057483486E-002   8.7669838022035068E-002
  0.20878938509698455        8.8981563164874253E-002  0.90034221196560094       0.21595727848551277       0.14776196860958540        7.0028240716475995E-002  0.10264937984014934     
  0.23119099978776414       0.10097922640738161       0.90093674885243580       0.23986703877798343       0.16597019495941265        7.9465131588249416E-002  0.11775911290675412     
  0.25367044505250180       0.11307408385882094       0.90153128573927077       0.25562634320592154       0.18385093806358518        8.8557982993269183E-002  0.13304863572082504     
  0.26572424924905924       0.12517412469281430       0.90212552940956459       0.26620050871047007       0.20205845759726301        9.7766391643001355E-002  0.14858848539149766     
  0.27560351613625772       0.13722891631664522       0.90271803186804644       0.27689417358020191       0.21502480246322467       0.10723785770743928       0.15965931842924130     
  0.28617635714820677       0.14912376754641760       0.90331053432652830       0.28707901635381916       0.22416740523224718       0.11707658387930112       0.17043081961986323     
  0.29645772771896761       0.16041912694279881       0.90390303678501016       0.29726565273244732       0.23335694568194790       0.12719675734835229       0.18149957513212125     
  0.30666919447835944       0.17173869693930344       0.91331570524894368       0.30736397918110991       0.24275599193105329       0.13751442454555751       0.19285877563275514     
  0.31671608623863018       0.18288079113766084       0.91801471277584523       0.31723427859343095       0.25210091082834907       0.14777424778733783       0.20444487141049711     
  0.32657364344801759       0.19398841903995087       0.92285253940817769       0.32752564170615106       0.26142852157746393       0.15781657052543818       0.21578096975340244     
  0.33662980268263831       0.20539749034195143       0.92825569601990665       0.33781809876227892       0.27099517137972889       0.16771602675072489       0.22708811810020177     
  0.34685247561835086       0.21679572846191855       0.92932027797937555       0.34821621402045816       0.28045176709486791       0.17785289646842811       0.23866778077521558     
  0.35735497296827828       0.22906142080390876       0.93011869273233572       0.35926435568658693       0.28993312797542448       0.18823239190681207       0.25068234996904309     
  0.36797503073257537       0.24298942446587674       0.93078111057241009       0.36762664072771967       0.29958567993759577       0.20045368154264079       0.26451068861733051     
  0.37660379168469293       0.25812026687950962       0.93122392252591868       0.37562062662526235       0.30964902091642532       0.21472928266563776       0.27861284716939033     
  0.38555632643354765       0.27304107822863150       0.93166673447942738       0.38353777831053915       0.32031493217086804       0.22932115085461280       0.29187063748838082     
  0.39413825210561521       0.28734853099676294       0.93210954643293609       0.39148798058883849       0.33173476169172023       0.24405656893902483       0.30461243218882889     
  0.40245601892066729       0.30140490685799681       0.93255235838644468       0.39957177598252325       0.34303223643900055       0.25885175606150052       0.31759301057852479     
  0.41058669986386281       0.31566076071623594       0.93299401722839637       0.40771806147646894       0.35394787482481366       0.27352120618949477       0.33175597456218925     
  0.41850291893259639       0.33063149166422584       0.93343533868654693       0.41562067417720305       0.36469316513392819       0.28821412540719932       0.34703485480947627     
  0.42688902287595426       0.34655687708985256       0.93387666014469750       0.42329197299734461       0.37547576877979144       0.30322469593532553       0.36264146095861344     
  0.43576967487800511       0.36293701709972132       0.93431798160284807       0.43089321092707794       0.38645865210083435       0.31833624019148088       0.37807285123183226     
  0.44497855478208648       0.37854902113698641       0.93476787050186794       0.43900949244715087       0.39767418424065049       0.33535761849487283       0.39221587452660017     
  0.45397294459784521       0.39309968424021580       0.93526658358260739       0.44699729478098016       0.40886032382353504       0.35395052297516438       0.40466866284288838     
  0.46250610757040039       0.40747894157500752       0.93576529666334685       0.45499279725699421       0.42241276163911129       0.37146641336918934       0.41745543872743185     
  0.47103158045704063       0.42148866832135823       0.93626400974408630       0.46313679917496803       0.43582781322971037       0.38962228106993091       0.43031281751803091     
  0.47958115925707379       0.43584253526055755       0.94314943260386419       0.47113515336113160       0.45013700856477523       0.40838862006925564       0.44322558743222623     
  0.48712153439666567       0.45055967499419991       0.94827934709713746       0.47945040950511164       0.46518012923149604       0.42873956889758197       0.45603539636106405     
  0.49476759230020406       0.46533912017128803       0.96105136725862383       0.48786153139418525       0.48090354760933735       0.44889805705039409       0.46881672576567318     
  0.50259792612130760       0.48088588030924967       0.97066903192809995       0.49658407911635855       0.49644040912272236       0.46863539324394565       0.48209967002213844     
  0.51120395168579036       0.49804824343509435       0.97702133241087297       0.50558653849755708       0.51178668564616581       0.48884487272801252       0.50004315587048043     
  0.52081089052177010       0.51575397753749397       0.98442607622394740       0.51497926948090433       0.52723404848761646       0.50693683393726008       0.52373688161114140     
  0.53025788027287257       0.53254449796036796       0.98969999169950984       0.52363208520316262       0.54257675500246139       0.52269142992295603       0.54634581022005047     
  0.53958777508110556       0.54953995973770065       0.99215451229849683       0.53213164545035563       0.55891498691897112       0.53908501484533844       0.56794077716424873     
  0.54905195649815908       0.56771442524961835       0.99272706548294232       0.54064504086850762       0.57532817285966520       0.55495049416667774       0.59014766692876586     
  0.55828436184950370       0.58751957005931410       0.99329961866738781       0.54928247877312286       0.59122148704853372       0.57095752979803527       0.61236273818031473     
  0.56779936335583203       0.60877239434631314       0.99387217185183330       0.55796356817251247       0.60762304527415656       0.58688875206577995       0.63484610151248233     
  0.57662901502883501       0.62986549488302102       0.99417792388239501       0.56719480601776207       0.62477276004711602       0.60278466139788511       0.65643676313430954     
  0.58516247953001077       0.64676667355729411       0.99448116578760581       0.57665594779158458       0.64133018560748667       0.62030711352202272       0.67281775104515962     
  0.59464441302392557       0.66300446224869469       0.99478440769281662       0.58582460220224086       0.65872918762355193       0.63892760140517724       0.69002964825416024     
  0.60552684886218688       0.67935818571696904       0.99508764959802742       0.59510658492130908       0.67700251069990269       0.65747182103215229       0.70716854752328251     
  0.61648309360453368       0.69554704703509640       0.99539089150323812       0.60411250846894282       0.69606630088993049       0.67511863053342558       0.72382698543470170     
  0.62737720852783530       0.71226355735812041       0.99569413340844892       0.61340322495021782       0.71506858599900003       0.69314340809822661       0.74055579226478641     
  0.63839852336075331       0.72940458864062363       0.99599539950146432       0.62284352640367069       0.73386292285755728       0.71237412255058918       0.75726436478639159     
  0.64914749307239472       0.74695923477532367       0.99629106073534068       0.63271346075325774       0.75300100434304384       0.73367400775687519       0.77504373012471539     
  0.65957411087452544       0.76540648560486335       0.99658672196921705       0.64274943051528455       0.77277726796906776       0.75500422744694751       0.79356493584717103     
  0.67088581170810080       0.78442133042953754       0.99688238320309353       0.65287888056540100       0.79140678511215701       0.77531708477664663       0.81166444000914406     
  0.68518035693689405       0.80345785829067795       0.99717804443696989       0.66436691019003891       0.81019755331392973       0.79560957866064475       0.82818535869870635     
  0.69937082110425497       0.82226929839740559       0.99747370567084626       0.67611290421292358       0.82865934161217814       0.81552890148515877       0.84435012886768190     
  0.71335158034574986       0.84068841750966627       0.99776936690472273       0.68841654690388465       0.84633570779127421       0.83502148765043172       0.86060166699962570     
  0.72772029822712347       0.85940354746073744       0.99805847577244888       0.70090945204807020       0.86372615949835418       0.85406414423284915       0.87698937562134627     
  0.74256829166717508       0.87907031693506477       0.99833583637638479       0.71402949015054806       0.88069906321291125       0.87415051904494978       0.89464654869450810     
  0.75714039717734682       0.89935125549113326       0.99861319698032058       0.72743039343747273       0.89910683268087499       0.89498025632541756       0.91312714397150307     
  0.77648870609785914       0.91868502488531567       0.99889055758425649       0.74510442968025892       0.91820858763773761       0.91697535566992561       0.93115670835579256     
  0.81102375821563366       0.93803770024444388       0.99916791818819239       0.78497596274151571       0.93824408689666317       0.93819840391846943       0.94849512592151319     
  0.84903415100156032       0.95796163487587793       0.99944527879212830       0.83007131313440718       0.95846727655156827       0.95850591290081910       0.96636641763155950     
  0.89768612660932567       0.97875216840664314       0.99972263939606409       0.89166040010960956       0.97917130719138079       0.97891202172625169       0.98358701016990258     
   1.0000000000000000        1.0000000000000000        1.0000000000000000        1.0000000000000000        1.0000000000000000        1.0000000000000000        1.0000000000000000     
   62.885814329142875        62.505543825397986        0.0000000000000000        63.994529324643032        65.307707954860476        62.671525635771374        63.323791328031803     
   62.340686084622185        63.658366451207115        0.0000000000000000        61.232314874092054        63.127327870447935        57.955362865816262        61.781060857811404     
   62.147733736233512        62.602799607827443        0.0000000000000000        62.695588747446656        62.925470896386557        64.736222168705623        62.830086021671811     
   63.134943386998735        61.025791512828320        0.0000000000000000        62.741885815939966        60.575187488536621        63.265488520379627        60.530725353701719     
   63.960404546585352        60.433336694119525        0.0000000000000000        61.775666038173057        62.227166807932086        63.879734968970340        64.570080161049063     
   61.368349904494750        61.544623731947404        0.0000000000000000        62.912653132804259        63.311822160065198        63.401256797467710        62.837112703020217     
   61.467812706077019        63.822041301131591        0.0000000000000000        63.353407251241599        62.578074574070300        63.690517935997370        64.747857464495667     
   61.172607147602889        64.235019434502590        62.253382359852850        65.304769728732893        61.965861543589426        61.336570546815956        61.604460568037737     
   1.9188713026974311E-004   1.7420852518218460E-005   2.6517542068299655E-007   73.397864540686953        2.2356667881305323E-006   6.6357301788343582E-007
           5           7           6
   5.0000000000000001E-003   62.887896879249105     
