     
 Collinear #          52
 
 part:           1
 comp:           0
   1.0000010803027903        573.75061982372597        573.75000000000000     
   1.0000001035142592        573.75005939130619        573.75000000000000     
   1.0000000103083189        573.75000591439800        573.75000000000000     
   1.0000000010304027        573.75000059119350        573.75000000000000     
   1.0000000001030358        573.75000005911681        573.75000000000000     
   1.0000000000103035        573.75000000591160        573.75000000000000     
   1.0000000000010301        573.75000000059106        573.75000000000000     
   1.0000000000001028        573.75000000005900        573.75000000000000     
   1.0000000000000102        573.75000000000591        573.75000000000000     
   1.0000000000000009        573.75000000000045        573.75000000000000     
 comp:           1
   0.0000000000000000        0.0000000000000000     
   0.0000000000000000        0.0000000000000000     
   0.0000000000000000        0.0000000000000000     
   0.0000000000000000        0.0000000000000000     
   0.0000000000000000        0.0000000000000000     
   0.0000000000000000        0.0000000000000000     
   0.0000000000000000        0.0000000000000000     
   0.0000000000000000        0.0000000000000000     
   0.0000000000000000        0.0000000000000000     
   0.0000000000000000        0.0000000000000000     
 comp:           2
   0.0000000000000000        0.0000000000000000     
   0.0000000000000000        0.0000000000000000     
   0.0000000000000000        0.0000000000000000     
   0.0000000000000000        0.0000000000000000     
   0.0000000000000000        0.0000000000000000     
   0.0000000000000000        0.0000000000000000     
   0.0000000000000000        0.0000000000000000     
   0.0000000000000000        0.0000000000000000     
   0.0000000000000000        0.0000000000000000     
   0.0000000000000000        0.0000000000000000     
 comp:           3
   1.0000010803027903        573.75061982372597        573.75000000000000     
   1.0000001035142592        573.75005939130619        573.75000000000000     
   1.0000000103083189        573.75000591439800        573.75000000000000     
   1.0000000010304027        573.75000059119350        573.75000000000000     
   1.0000000001030358        573.75000005911681        573.75000000000000     
   1.0000000000103035        573.75000000591160        573.75000000000000     
   1.0000000000010301        573.75000000059106        573.75000000000000     
   1.0000000000001028        573.75000000005900        573.75000000000000     
   1.0000000000000102        573.75000000000591        573.75000000000000     
   1.0000000000000009        573.75000000000045        573.75000000000000     
 
 part:           2
 comp:           0
  0.99999991863959059        573.76177676529505        573.76182344679194     
  0.99999999223423330        573.76181899109145        573.76182344679194     
  0.99999999922694283        573.76182300324126        573.76182344679194     
  0.99999999992272925        573.76182340245691        573.76182344679194     
  0.99999999999227318        573.76182344235860        573.76182344679194     
  0.99999999999922728        573.76182344634856        573.76182344679194     
  0.99999999999992295        573.76182344674771        573.76182344679194     
  0.99999999999999223        573.76182344678750        573.76182344679194     
  0.99999999999999922        573.76182344679148        573.76182344679194     
  0.99999999999999978        573.76182344679182        573.76182344679194     
 comp:           1
   0.0000000000000000        0.0000000000000000     
   0.0000000000000000        0.0000000000000000     
   0.0000000000000000        0.0000000000000000     
   0.0000000000000000        0.0000000000000000     
   0.0000000000000000        0.0000000000000000     
   0.0000000000000000        0.0000000000000000     
   0.0000000000000000        0.0000000000000000     
   0.0000000000000000        0.0000000000000000     
   0.0000000000000000        0.0000000000000000     
   0.0000000000000000        0.0000000000000000     
 comp:           2
   0.0000000000000000        0.0000000000000000     
   0.0000000000000000        0.0000000000000000     
   0.0000000000000000        0.0000000000000000     
   0.0000000000000000        0.0000000000000000     
   0.0000000000000000        0.0000000000000000     
   0.0000000000000000        0.0000000000000000     
   0.0000000000000000        0.0000000000000000     
   0.0000000000000000        0.0000000000000000     
   0.0000000000000000        0.0000000000000000     
   0.0000000000000000        0.0000000000000000     
 comp:           3
  0.99999991863959059       -573.76177676529505       -573.76182344679194     
  0.99999999223423330       -573.76181899109145       -573.76182344679194     
  0.99999999922694283       -573.76182300324126       -573.76182344679194     
  0.99999999992272925       -573.76182340245691       -573.76182344679194     
  0.99999999999227318       -573.76182344235860       -573.76182344679194     
  0.99999999999922728       -573.76182344634856       -573.76182344679194     
  0.99999999999992295       -573.76182344674771       -573.76182344679194     
  0.99999999999999223       -573.76182344678750       -573.76182344679194     
  0.99999999999999922       -573.76182344679148       -573.76182344679194     
  0.99999999999999978       -573.76182344679182       -573.76182344679194     
 
 part:           3
 comp:           0
  0.99999760028659257        573.74862316443250        573.75000000000000     
  0.99999925584159044        573.74957303911253        573.75000000000000     
  0.99999976512685540        573.74986524153326        573.75000000000000     
  0.99999992574077412        573.74995739376914        573.75000000000000     
  0.99999997651761774        573.74998652698321        573.75000000000000     
  0.99999999257423278        573.74999573946604        573.75000000000000     
  0.99999999765176650        573.74999865270104        573.75000000000000     
  0.99999999925742333        573.74999957394664        573.75000000000000     
  0.99999999976517662        573.74999986527007        573.75000000000000     
  0.99999999992574262        573.74999995739483        573.75000000000000     
 comp:           1
  0.99999764985405071       -357.63817486441928       -357.63901536830258     
  0.99999927121432930       -357.63875472611289       -357.63901536830258     
  0.99999976997900453       -357.63893310382025       -357.63901536830258     
  0.99999992727488196       -357.63898935896299       -357.63901536830258     
  0.99999997700273757       -357.63900714358431       -357.63901536830258     
  0.99999999272764095       -357.63901276742325       -357.63901536830258     
  0.99999999770027859       -357.63901454583248       -357.63901536830258     
  0.99999999927276428       -357.63901510821472       -357.63901536830258     
  0.99999999977002785       -357.63901528605555       -357.63901536830258     
  0.99999999992727651       -357.63901534229382       -357.63901536830258     
 comp:           2
  0.99998652749241179       -190.58400077362023       -190.58656845260992     
  0.99999582214437321       -190.58577220944252       -190.58656845260992     
  0.99999868137567938       -190.58631714052558       -190.58656845260992     
  0.99999958309410375       -190.58648899594579       -190.58656845260992     
  0.99999986816529796       -190.58654332668647       -190.58656845260992     
  0.99999995831028632       -190.58656050711045       -190.58656845260992     
  0.99999998681655744       -190.58656594002284       -190.58656845260992     
  0.99999999583102950       -190.58656765806015       -190.58656845260992     
  0.99999999868165568       -190.58656820135121       -190.58656845260992     
  0.99999999958310337       -190.58656837315502       -190.58656845260992     
 comp:           3
   1.0000000000000000        367.46585843020807        367.46585843020807     
   1.0000000000000000        367.46585843020807        367.46585843020807     
   1.0000000000000000        367.46585843020807        367.46585843020807     
   1.0000000000000000        367.46585843020807        367.46585843020807     
   1.0000000000000000        367.46585843020807        367.46585843020807     
   1.0000000000000000        367.46585843020807        367.46585843020807     
   1.0000000000000000        367.46585843020807        367.46585843020807     
   1.0000000000000000        367.46585843020807        367.46585843020807     
   1.0000000000000000        367.46585843020807        367.46585843020807     
   1.0000000000000000        367.46585843020807        367.46585843020807     
 
 part:           4
 comp:           0
   1.0000023997355816        573.75137684828996        573.75000000000000     
   1.0000007441605421        573.75042696211096        573.75000000000000     
   1.0000002348733574        573.75013475858884        573.75000000000000     
   1.0000000742592472        573.75004260624314        573.75000000000000     
   1.0000000234823845        573.75001347301816        573.75000000000000     
   1.0000000074257676        573.75000426053418        573.75000000000000     
   1.0000000023482334        573.75000134729896        573.75000000000000     
   1.0000000007425767        573.75000042605336        573.75000000000000     
   1.0000000002348235        573.75000013472993        573.75000000000000     
   1.0000000000742577        573.75000004260539        573.75000000000000     
 comp:           1
   1.0000023501515891        357.63985587420285        357.63901536830258     
   1.0000007287862129        357.63927601068622        357.63901536830258     
   1.0000002300210495        357.63909763280424        357.63901536830258     
   1.0000000727251235        357.63904137764411        357.63901536830258     
   1.0000000229972628        357.63902359302102        357.63901536830258     
   1.0000000072723592        357.63901796918196        357.63901536830258     
   1.0000000022997213        357.63901619077268        357.63901536830258     
   1.0000000007272356        357.63901562839044        357.63901536830258     
   1.0000000002299723        357.63901545054961        357.63901536830258     
   1.0000000000727236        357.63901539431140        357.63901536830258     
 comp:           2
   1.0000134725399190        190.58913613776141        190.58656845260992     
   1.0000041778587361        190.58736469636992        190.58656845260992     
   1.0000013186246308        190.58681976475339        190.58656845260992     
   1.0000004169059273        190.58664790927998        190.58656845260992     
   1.0000001318347054        190.58659357853401        190.58656845260992     
   1.0000000416897143        190.58657639810954        190.58656845260992     
   1.0000000131834426        190.58657096519701        190.58656845260992     
   1.0000000041689705        190.58656924715970        190.58656845260992     
   1.0000000013183443        190.58656870386864        190.58656845260992     
   1.0000000004168974        190.58656853206497        190.58656845260992     
 comp:           3
   1.0000000000000000       -367.46585843020807       -367.46585843020807     
   1.0000000000000000       -367.46585843020807       -367.46585843020807     
   1.0000000000000000       -367.46585843020807       -367.46585843020807     
   1.0000000000000000       -367.46585843020807       -367.46585843020807     
   1.0000000000000000       -367.46585843020807       -367.46585843020807     
   1.0000000000000000       -367.46585843020807       -367.46585843020807     
   1.0000000000000000       -367.46585843020807       -367.46585843020807     
   1.0000000000000000       -367.46585843020807       -367.46585843020807     
   1.0000000000000000       -367.46585843020807       -367.46585843020807     
   1.0000000000000000       -367.46585843020807       -367.46585843020807     
 
 part:           5
 comp:           0
   1.0484739785977886        1.2396576298741959E-002   1.1823446791994716E-002
   1.0046462240256198        1.1878381174545320E-002   1.1823446791994716E-002
   1.0004627013966301        1.1828917517338354E-002   1.1823446791994716E-002
   1.0000462510162447        1.1823993638424360E-002   1.1823446791994716E-002
   1.0000046249104773        1.1823501474377661E-002   1.1823446791994716E-002
   1.0000004624891359        1.1823452260210405E-002   1.1823446791994716E-002
   1.0000000462488945        1.1823447338816059E-002   1.1823446791994716E-002
   1.0000000046248894        1.1823446846676848E-002   1.1823446791994716E-002
   1.0000000004624885        1.1823446797462925E-002   1.1823446791994716E-002
   1.0000000000462483        1.1823446792541532E-002   1.1823446791994716E-002
 comp:           1
  -1.6810097835653337E-003  -0.0000000000000000     
  -5.2128457331743607E-004  -0.0000000000000000     
  -1.6452898396061803E-004  -0.0000000000000000     
  -5.2018681084031955E-005  -0.0000000000000000     
  -1.6449436697776991E-005  -0.0000000000000000     
  -5.2017586706716998E-006  -0.0000000000000000     
  -1.6449402087504685E-006  -0.0000000000000000     
  -5.2017575878589216E-007  -0.0000000000000000     
  -1.6449401516944965E-007  -0.0000000000000000     
  -5.2017577806077843E-008  -0.0000000000000000     
 comp:           2
  -5.1353641411715457E-003  -0.0000000000000000     
  -1.5924869274005790E-003  -0.0000000000000000     
  -5.0262422781545218E-004  -0.0000000000000000     
  -1.5891333418857159E-004  -0.0000000000000000     
  -5.0251847541940320E-005  -0.0000000000000000     
  -1.5890999094448397E-005  -0.0000000000000000     
  -5.0251741810044486E-006  -0.0000000000000000     
  -1.5890995786533139E-006  -0.0000000000000000     
  -5.0251740067025534E-007  -0.0000000000000000     
  -1.5890996375367068E-007  -0.0000000000000000     
 comp:           3
  0.94362851758462862       -1.1156941569070707E-002  -1.1823446791994716E-002
  0.99459996666423756       -1.1759599785174331E-002  -1.1823446791994716E-002
  0.99946225929026966       -1.1817088843325330E-002  -1.1823446791994716E-002
  0.99994624845171365       -1.1822811263423565E-002  -1.1823446791994716E-002
  0.99999462507029580       -1.1823383241799348E-002  -1.1823446791994716E-002
  0.99999946250928040       -1.1823440437001792E-002  -1.1823446791994716E-002
  0.99999994625095068       -1.1823446156495691E-002  -1.1823446791994716E-002
  0.99999999462509526       -1.1823446728444816E-002  -1.1823446791994716E-002
  0.99999999946250895       -1.1823446785639720E-002  -1.1823446791994716E-002
  0.99999999994625022       -1.1823446791359209E-002  -1.1823446791994716E-002
 
 part: i_fks+j_fks
 comp:           0
   1.0000009175186291        573.77417334159384        573.77364689358399     
   1.0000000879766477        573.77369737226604        573.77364689358399     
   1.0000000087615990        573.77365192075865        573.77364689358399     
   1.0000000008758008        573.77364739609538        573.77364689358399     
   1.0000000000875764        573.77364694383300        573.77364689358399     
   1.0000000000087574        573.77364689860872        573.77364689358399     
   1.0000000000008757        573.77364689408648        573.77364689358399     
   1.0000000000000875        573.77364689363424        573.77364689358399     
   1.0000000000000087        573.77364689358899        573.77364689358399     
   1.0000000000000007        573.77364689358433        573.77364689358399     
 comp:           1
  -1.6810097835653337E-003   0.0000000000000000     
  -5.2128457331743607E-004   0.0000000000000000     
  -1.6452898396061803E-004   0.0000000000000000     
  -5.2018681084031955E-005   0.0000000000000000     
  -1.6449436697776991E-005   0.0000000000000000     
  -5.2017586706716998E-006   0.0000000000000000     
  -1.6449402087504685E-006   0.0000000000000000     
  -5.2017575878589216E-007   0.0000000000000000     
  -1.6449401516944965E-007   0.0000000000000000     
  -5.2017577806077843E-008   0.0000000000000000     
 comp:           2
  -5.1353641411715457E-003   0.0000000000000000     
  -1.5924869274005790E-003   0.0000000000000000     
  -5.0262422781545218E-004   0.0000000000000000     
  -1.5891333418857159E-004   0.0000000000000000     
  -5.0251847541940320E-005   0.0000000000000000     
  -1.5890999094448397E-005   0.0000000000000000     
  -5.0251741810044486E-006   0.0000000000000000     
  -1.5890995786533139E-006   0.0000000000000000     
  -5.0251740067025534E-007   0.0000000000000000     
  -1.5890996375367068E-007   0.0000000000000000     
 comp:           3
  0.99999875702426611       -573.77293370686414       -573.77364689358399     
  0.99999988095879311       -573.77357859087658       -573.77364689358399     
  0.99999998814602342       -573.77364009208463       -573.77364689358399     
  0.99999999881510127       -573.77364621372033       -573.77364689358399     
  0.99999999988151500       -573.77364682560039       -573.77364689358399     
  0.99999999998815126       -573.77364688678551       -573.77364689358399     
  0.99999999999881528       -573.77364689290425       -573.77364689358399     
  0.99999999999988154       -573.77364689351600       -573.77364689358399     
  0.99999999999998812       -573.77364689357717       -573.77364689358399     
  0.99999999999999867       -573.77364689358319       -573.77364689358399     
     
 Collinear #           3
 
 part:           1
 comp:           0
  0.99999998840064019        573.75167878845104        573.75168544360326     
  0.99999999889285218        573.75168480837533        573.75168544360326     
  0.99999999988978705        573.75168538036837        573.75168544360326     
  0.99999999998898370        573.75168543728262        573.75168544360326     
  0.99999999999889833        573.75168544297117        573.75168544360326     
  0.99999999999988964        573.75168544353994        573.75168544360326     
  0.99999999999998890        573.75168544359690        573.75168544360326     
  0.99999999999999878        573.75168544360258        573.75168544360326     
  0.99999999999999978        573.75168544360315        573.75168544360326     
  0.99999999999999978        573.75168544360315        573.75168544360326     
 comp:           1
   0.0000000000000000        0.0000000000000000     
   0.0000000000000000        0.0000000000000000     
   0.0000000000000000        0.0000000000000000     
   0.0000000000000000        0.0000000000000000     
   0.0000000000000000        0.0000000000000000     
   0.0000000000000000        0.0000000000000000     
   0.0000000000000000        0.0000000000000000     
   0.0000000000000000        0.0000000000000000     
   0.0000000000000000        0.0000000000000000     
   0.0000000000000000        0.0000000000000000     
 comp:           2
   0.0000000000000000        0.0000000000000000     
   0.0000000000000000        0.0000000000000000     
   0.0000000000000000        0.0000000000000000     
   0.0000000000000000        0.0000000000000000     
   0.0000000000000000        0.0000000000000000     
   0.0000000000000000        0.0000000000000000     
   0.0000000000000000        0.0000000000000000     
   0.0000000000000000        0.0000000000000000     
   0.0000000000000000        0.0000000000000000     
   0.0000000000000000        0.0000000000000000     
 comp:           3
  0.99999998840064019        573.75167878845104        573.75168544360326     
  0.99999999889285218        573.75168480837533        573.75168544360326     
  0.99999999988978705        573.75168538036837        573.75168544360326     
  0.99999999998898370        573.75168543728262        573.75168544360326     
  0.99999999999889833        573.75168544297117        573.75168544360326     
  0.99999999999988964        573.75168544353994        573.75168544360326     
  0.99999999999998890        573.75168544359690        573.75168544360326     
  0.99999999999999878        573.75168544360258        573.75168544360326     
  0.99999999999999978        573.75168544360315        573.75168544360326     
  0.99999999999999978        573.75168544360315        573.75168544360326     
 
 part:           2
 comp:           0
   1.0000001539994152        573.75008835716449        573.75000000000000     
   1.0000000147561856        573.75000846636146        573.75000000000000     
   1.0000000014694737        573.75000084311057        573.75000000000000     
   1.0000000001468861        573.75000008427594        573.75000000000000     
   1.0000000000146878        573.75000000842715        573.75000000000000     
   1.0000000000014686        573.75000000084265        573.75000000000000     
   1.0000000000001468        573.75000000008424        573.75000000000000     
   1.0000000000000147        573.75000000000841        573.75000000000000     
   1.0000000000000013        573.75000000000080        573.75000000000000     
   1.0000000000000000        573.75000000000000        573.75000000000000     
 comp:           1
   0.0000000000000000        0.0000000000000000     
   0.0000000000000000        0.0000000000000000     
   0.0000000000000000        0.0000000000000000     
   0.0000000000000000        0.0000000000000000     
   0.0000000000000000        0.0000000000000000     
   0.0000000000000000        0.0000000000000000     
   0.0000000000000000        0.0000000000000000     
   0.0000000000000000        0.0000000000000000     
   0.0000000000000000        0.0000000000000000     
   0.0000000000000000        0.0000000000000000     
 comp:           2
   0.0000000000000000        0.0000000000000000     
   0.0000000000000000        0.0000000000000000     
   0.0000000000000000        0.0000000000000000     
   0.0000000000000000        0.0000000000000000     
   0.0000000000000000        0.0000000000000000     
   0.0000000000000000        0.0000000000000000     
   0.0000000000000000        0.0000000000000000     
   0.0000000000000000        0.0000000000000000     
   0.0000000000000000        0.0000000000000000     
   0.0000000000000000        0.0000000000000000     
 comp:           3
   1.0000001539994152       -573.75008835716449       -573.75000000000000     
   1.0000000147561856       -573.75000846636146       -573.75000000000000     
   1.0000000014694737       -573.75000084311057       -573.75000000000000     
   1.0000000001468861       -573.75000008427594       -573.75000000000000     
   1.0000000000146878       -573.75000000842715       -573.75000000000000     
   1.0000000000014686       -573.75000000084265       -573.75000000000000     
   1.0000000000001468       -573.75000000008424       -573.75000000000000     
   1.0000000000000147       -573.75000000000841       -573.75000000000000     
   1.0000000000000013       -573.75000000000080       -573.75000000000000     
   1.0000000000000000       -573.75000000000000       -573.75000000000000     
 
 part:           3
 comp:           0
   1.0000004476317341        573.75025682870751        573.75000000000000     
   1.0000001388115223        573.75007964311089        573.75000000000000     
   1.0000000438119951        573.75002513713218        573.75000000000000     
   1.0000000138519187        573.75000794753839        573.75000000000000     
   1.0000000043802773        573.75000251318409        573.75000000000000     
   1.0000000013851627        573.75000079473705        573.75000000000000     
   1.0000000004380269        573.75000025131794        573.75000000000000     
   1.0000000001385163        573.75000007947369        573.75000000000000     
   1.0000000000438027        573.75000002513184        573.75000000000000     
   1.0000000000138516        573.75000000794739        573.75000000000000     
 comp:           1
   1.0000016183974789       -207.75647763101927       -207.75614139900378     
   1.0000005018684865       -207.75624566526403       -207.75614139900378     
   1.0000001584008342       -207.75617430774992       -207.75614139900378     
   1.0000000500811601       -207.75615180367237       -207.75614139900378     
   1.0000000158367501       -207.75614468918590       -207.75614139900378     
   1.0000000050080105       -207.75614243944869       -207.75614139900378     
   1.0000000015836716       -207.75614172802130       -207.75614139900378     
   1.0000000005008010       -207.75614150304827       -207.75614139900378     
   1.0000000001583671       -207.75614143190552       -207.75614139900378     
   1.0000000000500802       -207.75614140940823       -207.75614139900378     
 comp:           2
   1.0000004552300292        412.60915308578768        412.60896525379638     
   1.0000001411677966        412.60902350089481        412.60896525379638     
   1.0000000445556900        412.60898363787356        412.60896525379638     
   1.0000000140870511        412.60897106623997        412.60896525379638     
   1.0000000044546313        412.60896709181725        412.60896525379638     
   1.0000000014086754        412.60896583502847        412.60896525379638     
   1.0000000004454623        412.60896543759810        412.60896525379638     
   1.0000000001408675        412.60896531191958        412.60896525379638     
   1.0000000000445461        412.60896527217653        412.60896525379638     
   1.0000000000140867        412.60896525960868        412.60896525379638     
 comp:           3
   1.0000000000000000        293.00390782921079        293.00390782921079     
   1.0000000000000000        293.00390782921079        293.00390782921079     
   1.0000000000000000        293.00390782921079        293.00390782921079     
   1.0000000000000000        293.00390782921079        293.00390782921079     
   1.0000000000000000        293.00390782921079        293.00390782921079     
   1.0000000000000000        293.00390782921079        293.00390782921079     
   1.0000000000000000        293.00390782921079        293.00390782921079     
   1.0000000000000000        293.00390782921079        293.00390782921079     
   1.0000000000000000        293.00390782921079        293.00390782921079     
   1.0000000000000000        293.00390782921079        293.00390782921079     
 
 part:           4
 comp:           0
  0.99999955236871640        573.74974317155102        573.75000000000000     
  0.99999986118852136        573.74992035691412        573.75000000000000     
  0.99999995618800930        573.74997486287032        573.75000000000000     
  0.99999998614808161        573.74999205246183        573.75000000000000     
  0.99999999561972230        573.74999748681569        573.75000000000000     
  0.99999999861483702        573.74999920526272        573.75000000000000     
  0.99999999956197305        573.74999974868206        573.75000000000000     
  0.99999999986148380        573.74999992052631        573.75000000000000     
  0.99999999995619726        573.74999997486816        573.75000000000000     
  0.99999999998614830        573.74999999205261        573.75000000000000     
 comp:           1
  0.99999838160324561        207.75580516713885        207.75614139900378     
  0.99999949813158351        207.75603713275808        207.75614139900378     
  0.99999984159917277        207.75610849025912        207.75614139900378     
  0.99999994991884056        207.75613099433534        207.75614139900378     
  0.99999998416324953        207.75613810882160        207.75614139900378     
  0.99999999499198922        207.75614035855878        207.75614139900378     
  0.99999999841632825        207.75614106998626        207.75614139900378     
  0.99999999949919893        207.75614129495929        207.75614139900378     
  0.99999999984163290        207.75614136610204        207.75614139900378     
  0.99999999994991995        207.75614138859933        207.75614139900378     
 comp:           2
  0.99999954477017461       -412.60877742188916       -412.60896525379638     
  0.99999985883222320       -412.60890700670609       -412.60896525379638     
  0.99999995544431197       -412.60894686972006       -412.60896525379638     
  0.99999998591294914       -412.60895944135291       -412.60896525379638     
  0.99999999554536845       -412.60896341577546       -412.60896525379638     
  0.99999999859132449       -412.60896467256424       -412.60896525379638     
  0.99999999955453778       -412.60896506999467       -412.60896525379638     
  0.99999999985913246       -412.60896519567319       -412.60896525379638     
  0.99999999995545386       -412.60896523541624       -412.60896525379638     
  0.99999999998591327       -412.60896524798409       -412.60896525379638     
 comp:           3
   1.0000000000000000       -293.00390782921079       -293.00390782921079     
   1.0000000000000000       -293.00390782921079       -293.00390782921079     
   1.0000000000000000       -293.00390782921079       -293.00390782921079     
   1.0000000000000000       -293.00390782921079       -293.00390782921079     
   1.0000000000000000       -293.00390782921079       -293.00390782921079     
   1.0000000000000000       -293.00390782921079       -293.00390782921079     
   1.0000000000000000       -293.00390782921079       -293.00390782921079     
   1.0000000000000000       -293.00390782921079       -293.00390782921079     
   1.0000000000000000       -293.00390782921079       -293.00390782921079     
   1.0000000000000000       -293.00390782921079       -293.00390782921079     
 
 part:           5
 comp:           0
   1.0484749258155883        1.7671453568751899E-003   1.6854436032416910E-003
   1.0046463189929069        1.6932747118669064E-003   1.6854436032416910E-003
   1.0004627108937696        1.6862234763577451E-003   1.6854436032416910E-003
   1.0000462519659614        1.6855215583218579E-003   1.6854436032416910E-003
   1.0000046250054491        1.6854513984275402E-003   1.6854436032416910E-003
   1.0000004624986332        1.6854443827570538E-003   1.6854436032416910E-003
   1.0000000462498446        1.6854436811931956E-003   1.6854436032416910E-003
   1.0000000046249846        1.6854436110368416E-003   1.6854436032416910E-003
   1.0000000004624980        1.6854436040212055E-003   1.6854436032416910E-003
   1.0000000000462497        1.6854436033196421E-003   1.6854436032416910E-003
 comp:           1
   6.7246388040113219E-004   0.0000000000000000     
   2.0853250595679836E-004   0.0000000000000000     
   6.5817490775972457E-005   0.0000000000000000     
   2.0809337009236253E-005   0.0000000000000000     
   6.5803643008377522E-006   0.0000000000000000     
   2.0808899227501166E-006   0.0000000000000000     
   6.5803504557544354E-007   0.0000000000000000     
   2.0808894895946101E-007   0.0000000000000000     
   6.5803502275127582E-008   0.0000000000000000     
   2.0808895667011484E-008   0.0000000000000000     
 comp:           2
  -3.7566389853046947E-004  -0.0000000000000000     
  -1.1649418867126314E-004  -0.0000000000000000     
  -3.6768153497918922E-005  -0.0000000000000000     
  -1.1624887067630985E-005  -0.0000000000000000     
  -3.6760417608286387E-006  -0.0000000000000000     
  -1.1624642506104185E-006  -0.0000000000000000     
  -3.6760340264385456E-007  -0.0000000000000000     
  -1.1624640086332789E-007  -0.0000000000000000     
  -3.6760338989340638E-008  -0.0000000000000000     
  -1.1624640517079238E-008  -0.0000000000000000     
 comp:           3
  0.94362770933800211        1.5904312865453454E-003   1.6854436032416910E-003
  0.99459988500917018        1.6763420139736273E-003   1.6854436032416910E-003
  0.99946225111876952        1.6845372578296706E-003   1.6854436032416910E-003
  0.99994624763450612        1.6853530066611101E-003   1.6854436032416910E-003
  0.99999462498857483        1.6854345439630671E-003   1.6854436032416910E-003
  0.99999946250110838        1.6854426973176224E-003   1.6854436032416910E-003
  0.99999994625013378        1.6854435126493227E-003   1.6854436032416910E-003
  0.99999999462501388        1.6854435941824550E-003   1.6854436032416910E-003
  0.99999999946250118        1.6854436023357670E-003   1.6854436032416910E-003
  0.99999999994624977        1.6854436031510981E-003   1.6854436032416910E-003
 
 part: i_fks+j_fks
 comp:           0
   1.0000001307994082        573.75344593380794        573.75337088720653     
   1.0000000125417663        573.75337808308723        573.75337088720653     
   1.0000000012490353        573.75337160384470        573.75337088720653     
   1.0000000001248524        573.75337095884095        573.75337088720653     
   1.0000000000124847        573.75337089436960        573.75337088720653     
   1.0000000000012481        573.75337088792264        573.75337088720653     
   1.0000000000001246        573.75337088727804        573.75337088720653     
   1.0000000000000122        573.75337088721358        573.75337088720653     
   1.0000000000000011        573.75337088720721        573.75337088720653     
  0.99999999999999978        573.75337088720642        573.75337088720653     
 comp:           1
   6.7246388040113219E-004   0.0000000000000000     
   2.0853250595679836E-004   0.0000000000000000     
   6.5817490775972457E-005   0.0000000000000000     
   2.0809337009236253E-005   0.0000000000000000     
   6.5803643008377522E-006   0.0000000000000000     
   2.0808899227501166E-006   0.0000000000000000     
   6.5803504557544354E-007   0.0000000000000000     
   2.0808894895946101E-007   0.0000000000000000     
   6.5803502275127582E-008   0.0000000000000000     
   2.0808895667011484E-008   0.0000000000000000     
 comp:           2
  -3.7566389853046947E-004   0.0000000000000000     
  -1.1649418867126314E-004   0.0000000000000000     
  -3.6768153497918922E-005   0.0000000000000000     
  -1.1624887067630985E-005   0.0000000000000000     
  -3.6760417608286387E-006   0.0000000000000000     
  -1.1624642506104185E-006   0.0000000000000000     
  -3.6760340264385456E-007   0.0000000000000000     
  -1.1624640086332789E-007   0.0000000000000000     
  -3.6760338989340638E-008   0.0000000000000000     
  -1.1624640517079238E-008   0.0000000000000000     
 comp:           3
  0.99999982280283817        573.75326921973760        573.75337088720653     
  0.99999998302961213        573.75336115038931        573.75337088720653     
  0.99999999831010955        573.75336991762617        573.75337088720653     
  0.99999999983108212        573.75337079028930        573.75337088720653     
  0.99999999998310884        573.75337087751518        573.75337088720653     
  0.99999999999831057        573.75337088623724        573.75337088720653     
  0.99999999999983102        573.75337088710955        573.75337088720653     
  0.99999999999998301        573.75337088719675        573.75337088720653     
  0.99999999999999822        573.75337088720551        573.75337088720653     
  0.99999999999999956        573.75337088720630        573.75337088720653     
     
 Collinear #           8
 
 part:           1
 comp:           0
   1.0000000082130653        573.75000471224621        573.75000000000000     
   1.0000000007869740        573.75000045152638        573.75000000000000     
   1.0000000000783698        573.75000004496462        573.75000000000000     
   1.0000000000078337        573.75000000449461        573.75000000000000     
   1.0000000000007834        573.75000000044940        573.75000000000000     
   1.0000000000000784        573.75000000004502        573.75000000000000     
   1.0000000000000078        573.75000000000443        573.75000000000000     
   1.0000000000000009        573.75000000000045        573.75000000000000     
   1.0000000000000000        573.75000000000000        573.75000000000000     
   1.0000000000000000        573.75000000000000        573.75000000000000     
 comp:           1
   0.0000000000000000        0.0000000000000000     
   0.0000000000000000        0.0000000000000000     
   0.0000000000000000        0.0000000000000000     
   0.0000000000000000        0.0000000000000000     
   0.0000000000000000        0.0000000000000000     
   0.0000000000000000        0.0000000000000000     
   0.0000000000000000        0.0000000000000000     
   0.0000000000000000        0.0000000000000000     
   0.0000000000000000        0.0000000000000000     
   0.0000000000000000        0.0000000000000000     
 comp:           2
   0.0000000000000000        0.0000000000000000     
   0.0000000000000000        0.0000000000000000     
   0.0000000000000000        0.0000000000000000     
   0.0000000000000000        0.0000000000000000     
   0.0000000000000000        0.0000000000000000     
   0.0000000000000000        0.0000000000000000     
   0.0000000000000000        0.0000000000000000     
   0.0000000000000000        0.0000000000000000     
   0.0000000000000000        0.0000000000000000     
   0.0000000000000000        0.0000000000000000     
 comp:           3
   1.0000000082130653        573.75000471224621        573.75000000000000     
   1.0000000007869740        573.75000045152638        573.75000000000000     
   1.0000000000783698        573.75000004496462        573.75000000000000     
   1.0000000000078337        573.75000000449461        573.75000000000000     
   1.0000000000007834        573.75000000044940        573.75000000000000     
   1.0000000000000784        573.75000000004502        573.75000000000000     
   1.0000000000000078        573.75000000000443        573.75000000000000     
   1.0000000000000009        573.75000000000045        573.75000000000000     
   1.0000000000000000        573.75000000000000        573.75000000000000     
   1.0000000000000000        573.75000000000000        573.75000000000000     
 
 part:           2
 comp:           0
  0.99999999938137452        573.75008953268696        573.75008988762340     
  0.99999999994095279        573.75008985374507        573.75008988762340     
  0.99999999999412215        573.75008988425100        573.75008988762340     
  0.99999999999941269        573.75008988728644        573.75008988762340     
  0.99999999999994116        573.75008988758964        573.75008988762340     
  0.99999999999999423        573.75008988762011        573.75008988762340     
  0.99999999999999944        573.75008988762306        573.75008988762340     
   1.0000000000000002        573.75008988762352        573.75008988762340     
   1.0000000000000000        573.75008988762340        573.75008988762340     
   1.0000000000000000        573.75008988762340        573.75008988762340     
 comp:           1
   0.0000000000000000        0.0000000000000000     
   0.0000000000000000        0.0000000000000000     
   0.0000000000000000        0.0000000000000000     
   0.0000000000000000        0.0000000000000000     
   0.0000000000000000        0.0000000000000000     
   0.0000000000000000        0.0000000000000000     
   0.0000000000000000        0.0000000000000000     
   0.0000000000000000        0.0000000000000000     
   0.0000000000000000        0.0000000000000000     
   0.0000000000000000        0.0000000000000000     
 comp:           2
   0.0000000000000000        0.0000000000000000     
   0.0000000000000000        0.0000000000000000     
   0.0000000000000000        0.0000000000000000     
   0.0000000000000000        0.0000000000000000     
   0.0000000000000000        0.0000000000000000     
   0.0000000000000000        0.0000000000000000     
   0.0000000000000000        0.0000000000000000     
   0.0000000000000000        0.0000000000000000     
   0.0000000000000000        0.0000000000000000     
   0.0000000000000000        0.0000000000000000     
 comp:           3
  0.99999999938137452       -573.75008953268696       -573.75008988762340     
  0.99999999994095279       -573.75008985374507       -573.75008988762340     
  0.99999999999412215       -573.75008988425100       -573.75008988762340     
  0.99999999999941269       -573.75008988728644       -573.75008988762340     
  0.99999999999994116       -573.75008988758964       -573.75008988762340     
  0.99999999999999423       -573.75008988762011       -573.75008988762340     
  0.99999999999999944       -573.75008988762306       -573.75008988762340     
   1.0000000000000002       -573.75008988762352       -573.75008988762340     
   1.0000000000000000       -573.75008988762340       -573.75008988762340     
   1.0000000000000000       -573.75008988762340       -573.75008988762340     
 
 part:           3
 comp:           0
  0.99999997134959073        573.74998356182766        573.75000000000000     
  0.99999999111544546        573.74999490248683        573.75000000000000     
  0.99999999719583721        573.74999839111160        573.75000000000000     
  0.99999999911341542        573.74999949132211        573.75000000000000     
  0.99999999971964282        573.74999983914506        573.75000000000000     
  0.99999999991134347        573.74999994913333        573.75000000000000     
  0.99999999997196443        573.74999998391456        573.75000000000000     
  0.99999999999113431        573.74999999491331        573.75000000000000     
  0.99999999999719646        573.74999999839144        573.75000000000000     
  0.99999999999911349        573.74999999949137        573.75000000000000     
 comp:           1
   1.0000000070333166       -198.49521608471065       -198.49521468863097     
   1.0000000021810469       -198.49521512155832       -198.49521468863097     
   1.0000000006883869       -198.49521482527246       -198.49521468863097     
   1.0000000002176455       -198.49521473183253       -198.49521468863097     
   1.0000000000688241       -198.49521470229223       -198.49521468863097     
   1.0000000000217641       -198.49521469295104       -198.49521468863097     
   1.0000000000068823       -198.49521468999708       -198.49521468863097     
   1.0000000000021765       -198.49521468906298       -198.49521468863097     
   1.0000000000006883       -198.49521468876759       -198.49521468863097     
   1.0000000000002176       -198.49521468867417       -198.49521468863097     
 comp:           2
  0.99999995674406195        473.75472239772887        473.75474289043467     
  0.99999998658623912        473.75473653560181        473.75474289043467     
  0.99999999576631904        473.75474088470821        473.75474289043467     
  0.99999999866144862        473.75474225628960        473.75474289043467     
  0.99999999957672092        473.75474268990422        473.75474289043467     
  0.99999999986614774        473.75474282702152        473.75474289043467     
  0.99999999995767219        473.75474287038168        473.75474289043467     
  0.99999999998661471        473.75474288409333        473.75474289043467     
  0.99999999999576716        473.75474288842935        473.75474289043467     
  0.99999999999866140        473.75474288980053        473.75474289043467     
 comp:           3
   1.0000000000000000        188.19180597075035        188.19180597075035     
   1.0000000000000000        188.19180597075035        188.19180597075035     
   1.0000000000000000        188.19180597075035        188.19180597075035     
   1.0000000000000000        188.19180597075035        188.19180597075035     
   1.0000000000000000        188.19180597075035        188.19180597075035     
   1.0000000000000000        188.19180597075035        188.19180597075035     
   1.0000000000000000        188.19180597075035        188.19180597075035     
   1.0000000000000000        188.19180597075035        188.19180597075035     
   1.0000000000000000        188.19180597075035        188.19180597075035     
   1.0000000000000000        188.19180597075035        188.19180597075035     
 
 part:           4
 comp:           0
   1.0000000286504105        573.75001643817302        573.75000000000000     
   1.0000000088845549        573.75000509751339        573.75000000000000     
   1.0000000028041627        573.75000160888840        573.75000000000000     
   1.0000000008865846        573.75000050867789        573.75000000000000     
   1.0000000002803573        573.75000016085494        573.75000000000000     
   1.0000000000886564        573.75000005086667        573.75000000000000     
   1.0000000000280356        573.75000001608544        573.75000000000000     
   1.0000000000088658        573.75000000508669        573.75000000000000     
   1.0000000000028035        573.75000000160856        573.75000000000000     
   1.0000000000008864        573.75000000050863        573.75000000000000     
 comp:           1
  0.99999999296668318        198.49521329255123        198.49521468863097     
  0.99999999781895310        198.49521425570359        198.49521468863097     
  0.99999999931161321        198.49521455198948        198.49521468863097     
  0.99999999978235465        198.49521464542940        198.49521468863097     
  0.99999999993117583        198.49521467496970        198.49521468863097     
  0.99999999997823585        198.49521468431089        198.49521468863097     
  0.99999999999311762        198.49521468726485        198.49521468863097     
  0.99999999999782363        198.49521468819896        198.49521468863097     
  0.99999999999931166        198.49521468849434        198.49521468863097     
  0.99999999999978240        198.49521468858777        198.49521468863097     
 comp:           2
   1.0000000432559393       -473.75476338314110       -473.75474289043467     
   1.0000000134137612       -473.75474924526770       -473.75474289043467     
   1.0000000042336810       -473.75474489616113       -473.75474289043467     
   1.0000000013385515       -473.75474352457974       -473.75474289043467     
   1.0000000004232790       -473.75474309096512       -473.75474289043467     
   1.0000000001338523       -473.75474295384782       -473.75474289043467     
   1.0000000000423277       -473.75474291048766       -473.75474289043467     
   1.0000000000133853       -473.75474289677601       -473.75474289043467     
   1.0000000000042328       -473.75474289243999       -473.75474289043467     
   1.0000000000013385       -473.75474289106882       -473.75474289043467     
 comp:           3
   1.0000000000000000       -188.19180597075035       -188.19180597075035     
   1.0000000000000000       -188.19180597075035       -188.19180597075035     
   1.0000000000000000       -188.19180597075035       -188.19180597075035     
   1.0000000000000000       -188.19180597075035       -188.19180597075035     
   1.0000000000000000       -188.19180597075035       -188.19180597075035     
   1.0000000000000000       -188.19180597075035       -188.19180597075035     
   1.0000000000000000       -188.19180597075035       -188.19180597075035     
   1.0000000000000000       -188.19180597075035       -188.19180597075035     
   1.0000000000000000       -188.19180597075035       -188.19180597075035     
   1.0000000000000000       -188.19180597075035       -188.19180597075035     
 
 part:           5
 comp:           0
   1.0484750748964204        9.4244932673987101E-005   8.9887623397530580E-005
   1.0046463339396317        9.0305271312875348E-005   8.9887623397530580E-005
   1.0004627123885064        8.9929215514450021E-005   8.9887623397530580E-005
   1.0000462521154352        8.9891780890264165E-005   8.9887623397530580E-005
   1.0000046250203964        8.9888039129622181E-005   8.9887623397530580E-005
   1.0000004625001282        8.9887664970567923E-005   8.9887623397530580E-005
   1.0000000462499941        8.9887627554832632E-005   8.9887623397530580E-005
   1.0000000046249997        8.9887623813260815E-005   8.9887623397530580E-005
   1.0000000004624998        8.9887623439103580E-005   8.9887623397530580E-005
   1.0000000000462497        8.9887623401687844E-005   8.9887623397530580E-005
 comp:           1
   2.7921594233755028E-006   0.0000000000000000     
   8.6585473813708812E-007   0.0000000000000000     
   2.7328298919491860E-007   0.0000000000000000     
   8.6403139306819021E-008   0.0000000000000000     
   2.7322549159324688E-008   0.0000000000000000     
   8.6401321584238435E-009   0.0000000000000000     
   2.7322491672868378E-009   0.0000000000000000     
   8.6401303599099791E-010   0.0000000000000000     
   2.7322490725180271E-010   0.0000000000000000     
   8.6401306800666499E-011   0.0000000000000000     
 comp:           2
   4.0985412219642997E-005   0.0000000000000000     
   1.2709665883611363E-005   0.0000000000000000     
   4.0114528815941726E-006   0.0000000000000000     
   1.2682901455820526E-006   0.0000000000000000     
   4.0106088886307232E-007   0.0000000000000000     
   1.2682634636853661E-007   0.0000000000000000     
   4.0106004503370892E-008   0.0000000000000000     
   1.2682631996859993E-008   0.0000000000000000     
   4.0106003112283137E-009   0.0000000000000000     
   1.2682632466809987E-009   0.0000000000000000     
 comp:           3
  0.94362758213192011       -8.4820440730196388E-005  -8.9887623397530580E-005
  0.99459987215785617       -8.9402218739757436E-005  -8.9887623397530580E-005
  0.99946224983269460       -8.9839286313009873E-005  -8.9887623397530580E-005
  0.99994624750588956       -8.9882791713583301E-005  -8.9887623397530580E-005
  0.99999462497571312       -8.9887140249371729E-005  -8.9887623397530580E-005
  0.99999946249982241       -8.9887575082917039E-005  -8.9887623397530580E-005
  0.99999994625000521       -8.9887618566071291E-005  -8.9887623397530580E-005
  0.99999999462500133       -8.9887622914384721E-005  -8.9887623397530580E-005
  0.99999999946249996       -8.9887623349215983E-005  -8.9887623397530580E-005
  0.99999999994624966       -8.9887623392699090E-005  -8.9887623397530580E-005
 
 part: i_fks+j_fks
 comp:           0
   1.0000000069758110        573.75018377761967        573.75017977524681     
   1.0000000006688792        573.75018015901640        573.75017977524681     
   1.0000000000666138        573.75017981346650        573.75017977524681     
   1.0000000000066589        573.75017977906737        573.75017977524681     
   1.0000000000006657        573.75017977562879        573.75017977524681     
   1.0000000000000668        573.75017977528512        573.75017977524681     
   1.0000000000000067        573.75017977525067        573.75017977524681     
   1.0000000000000009        573.75017977524737        573.75017977524681     
   1.0000000000000000        573.75017977524681        573.75017977524681     
   1.0000000000000000        573.75017977524681        573.75017977524681     
 comp:           1
   2.7921594233755028E-006   0.0000000000000000     
   8.6585473813708812E-007   0.0000000000000000     
   2.7328298919491860E-007   0.0000000000000000     
   8.6403139306819021E-008   0.0000000000000000     
   2.7322549159324688E-008   0.0000000000000000     
   8.6401321584238435E-009   0.0000000000000000     
   2.7322491672868378E-009   0.0000000000000000     
   8.6401303599099791E-010   0.0000000000000000     
   2.7322490725180271E-010   0.0000000000000000     
   8.6401306800666499E-011   0.0000000000000000     
 comp:           2
   4.0985412219642997E-005   0.0000000000000000     
   1.2709665883611363E-005   0.0000000000000000     
   4.0114528815941726E-006   0.0000000000000000     
   1.2682901455820526E-006   0.0000000000000000     
   4.0106088886307232E-007   0.0000000000000000     
   1.2682634636853661E-007   0.0000000000000000     
   4.0106004503370892E-008   0.0000000000000000     
   1.2682631996859993E-008   0.0000000000000000     
   4.0106003112283137E-009   0.0000000000000000     
   1.2682632466809987E-009   0.0000000000000000     
 comp:           3
  0.99999999054968647       -573.75017435312770       -573.75017977524681     
  0.99999999909493176       -573.75017925596376       -573.75017977524681     
  0.99999999990987443       -573.75017972353726       -573.75017977524681     
  0.99999999999099143       -573.75017977007815       -573.75017977524681     
  0.99999999999909905       -573.75017977472987       -573.75017977524681     
  0.99999999999991007       -573.75017977519519       -573.75017977524681     
  0.99999999999999090       -573.75017977524158       -573.75017977524681     
  0.99999999999999944       -573.75017977524647       -573.75017977524681     
   1.0000000000000000       -573.75017977524681       -573.75017977524681     
   1.0000000000000000       -573.75017977524681       -573.75017977524681     
