     
 Collinear #          52
 ME*wgt:
   1.1473403204327219        1.4004889096322935E-011   1.2206394952668411E-011
   1.0092368979635291        1.2319144177348746E-011   1.2206394952668411E-011
  0.99851113749336440        1.2188221308882197E-011   1.2206394952668411E-011
  0.99905677092146972        1.2194881526005029E-011   1.2206394952668411E-011
  0.99965277442223632        1.2202156580128559E-011   1.2206394952668411E-011
  0.99988857629391636        1.2205034870904864E-011   1.2206394952668411E-011
   1.0001886490224501        1.2208697677143872E-011   1.2206394952668411E-011
  0.99987036759020065        1.2204812608275733E-011   1.2206394952668411E-011
   1.0000000000000002        1.2206394952668412E-011   1.2206394952668411E-011
   1.0000000000000007        1.2206394952668419E-011   1.2206394952668411E-011
 wgt:
   1.0000009989422929        1.3854716678637762E-006   1.3854702838589141E-006
   1.0000000957484920        1.3854704165156046E-006   1.3854702838589141E-006
   1.0000000095352617        1.3854702970697356E-006   1.3854702838589141E-006
   1.0000000009531325        1.3854702851794507E-006   1.3854702838589141E-006
   1.0000000000953095        1.3854702839909625E-006   1.3854702838589141E-006
   1.0000000000095308        1.3854702838721187E-006   1.3854702838589141E-006
   1.0000000000009528        1.3854702838602342E-006   1.3854702838589141E-006
   1.0000000000000955        1.3854702838590462E-006   1.3854702838589141E-006
   1.0000000000000095        1.3854702838589272E-006   1.3854702838589141E-006
   1.0000000000000013        1.3854702838589160E-006   1.3854702838589141E-006
     
 Collinear #           3
 ME*wgt:
   1.2098596641143915        1.0782616771062920E-017   8.9122871775014645E-018
   1.0149285881428869        9.0453350421855161E-018   8.9122871775014645E-018
   1.0000870736278031        8.9130632026780329E-018   8.9122871775014645E-018
  0.99956906387567357        8.9084465510063078E-018   8.9122871775014645E-018
  0.99982480056435208        8.9107257498176337E-018   8.9122871775014645E-018
  0.99997876091000837        8.9120978886320702E-018   8.9122871775014645E-018
   1.0003813262253085        8.9156856663297268E-018   8.9122871775014645E-018
   1.0016006530268902        8.9265526569486465E-018   8.9122871775014645E-018
   1.0000000004535241        8.9122871815434014E-018   8.9122871775014645E-018
   1.0000000000377938        8.9122871778382927E-018   8.9122871775014645E-018
 wgt:
   1.0000001424000537        2.0395254295848283E-006   2.0395251391563389E-006
   1.0000000136490381        2.0395251669938955E-006   2.0395251391563389E-006
   1.0000000013592607        2.0395251419285854E-006   2.0395251391563389E-006
   1.0000000001358700        2.0395251394334491E-006   2.0395251391563389E-006
   1.0000000000135869        2.0395251391840496E-006   2.0395251391563389E-006
   1.0000000000013591        2.0395251391591108E-006   2.0395251391563389E-006
   1.0000000000001361        2.0395251391566168E-006   2.0395251391563389E-006
   1.0000000000000140        2.0395251391563673E-006   2.0395251391563389E-006
   1.0000000000000016        2.0395251391563423E-006   2.0395251391563389E-006
   1.0000000000000002        2.0395251391563394E-006   2.0395251391563389E-006
     
 Collinear #           8
 ME*wgt:
   1.0686558189933697        7.8179814096149550E-021   7.3157150044615628E-021
  0.98389723120728811        7.1979117371913453E-021   7.3157150044615628E-021
  0.99137284929359393        7.2526012285929565E-021   7.3157150044615628E-021
  0.99690375981787105        7.2930637937037449E-021   7.3157150044615628E-021
  0.99881360695624410        7.3070356910701687E-021   7.3157150044615628E-021
  0.99859051634973062        7.3054036237727439E-021   7.3157150044615628E-021
  0.96906899437187888        7.0894325824848324E-021   7.3157150044615628E-021
  0.96913787900688331        7.0899365228427109E-021   7.3157150044615628E-021
   1.0000000007086520        7.3157150096458593E-021   7.3157150044615628E-021
   1.0000000000000000        7.3157150044615628E-021   7.3157150044615628E-021
 wgt:
   1.0000000075944404        3.5404038168135130E-008   3.5404037899261276E-008
   1.0000000007279268        3.5404037925032822E-008   3.5404037899261276E-008
   1.0000000000724916        3.5404037901827772E-008   3.5404037899261276E-008
   1.0000000000072460        3.5404037899517814E-008   3.5404037899261276E-008
   1.0000000000007248        3.5404037899286932E-008   3.5404037899261276E-008
   1.0000000000000724        3.5404037899263837E-008   3.5404037899261276E-008
   1.0000000000000073        3.5404037899261534E-008   3.5404037899261276E-008
   1.0000000000000007        3.5404037899261302E-008   3.5404037899261276E-008
   1.0000000000000002        3.5404037899261282E-008   3.5404037899261276E-008
   1.0000000000000000        3.5404037899261276E-008   3.5404037899261276E-008
