   0.0000000000000000        0.0000000000000000        0.0000000000000000        0.0000000000000000        0.0000000000000000        0.0000000000000000        0.0000000000000000     
   4.2210044862158833E-002   1.2988994947744215E-002  0.89349037413678423        5.5543530656760431E-002   3.0231915957772408E-002   1.6317353403957801E-002   1.2304060374023056E-002
   7.3477612331196956E-002   2.5714035077763413E-002  0.90099789714550726       0.10148848592076452        5.6502511770835706E-002   3.1938087090544041E-002   2.4626509600413758E-002
   9.8756551748479027E-002   3.8447426083762101E-002  0.90155231824236204       0.14056501641885610        8.0209998295432267E-002   4.7115695789455452E-002   3.7174656634652289E-002
  0.12215868871870776        5.1236714098839321E-002  0.90210673933921681       0.17525241621394116       0.10320078125965569        6.2032981826842290E-002   4.9965862788772235E-002
  0.14453771954971459        6.3997510181399347E-002  0.90266116043607159       0.20796316780949609       0.12657312454550185        7.6902139530543617E-002   6.2826309905322356E-002
  0.16617790127883181        7.7392010620365187E-002  0.90321629614067767       0.23886137853097375       0.14957683793229867        9.2045646295767683E-002   7.5701912877242691E-002
  0.18739322828870392        9.0605949870477417E-002  0.90377177126006780       0.26898867136238575       0.17210768965882048       0.10811604650903152        8.8674817941295392E-002
  0.20802930376947917       0.10412722787837471       0.90432724637945794       0.29620903872306104       0.19458294710934412       0.12501881725334843       0.10169895356492688     
  0.22014575323599114       0.11786625230235975       0.90488291168481005       0.30944785517509849       0.21664915104421731       0.14197106583125982       0.11415766262883709     
  0.22960757155642447       0.13110371872058449       0.90544014273619233       0.32317411600485130       0.22813062727507172       0.15892276983989434       0.12607719765852743     
  0.23910700536048543       0.14312292949387317       0.90599737378757450       0.33687267088654910       0.23786878494349220       0.17602926947047126       0.13779356953222888     
  0.24834689898611623       0.15437950913906318       0.90655460483895678       0.35058300033772333       0.24760527214844097       0.19136709624804185       0.14961698469126383     
  0.25783429410506081       0.16536606114702324       0.91481659718314090       0.36431437247485010       0.25734812819939762       0.20764316203405150       0.16207989578474136     
  0.26752925848023484       0.17645179562576926       0.92336684280400583       0.37798258143194613       0.26727426460024906       0.22462239321697058       0.17507915918869818     
  0.27736712892952586       0.18779660304084578       0.92958090900483825       0.39134977234259438       0.27716349727052425       0.24157464433163614       0.18834029628112972     
  0.28735807781450057       0.19951815403794040       0.93109914753254430       0.40447789978563986       0.28706407559242164       0.25809841289059826       0.20170028242332641     
  0.29748340104665805       0.21147339642348578       0.93176185320665983       0.41754100626790230       0.29701869394818259       0.27443785549425642       0.21547167505982162     
  0.30763264531321743       0.22338188424573679       0.93242455888077547       0.42931013422154823       0.30707450963108729       0.29068346961134917       0.22887160794619513     
  0.31760383047706386       0.23585521167972842       0.93287927979901319       0.43906775108821156       0.31739719713306036       0.30728090249407253       0.24230386973076892     
  0.32650494727857071       0.24996561518673696       0.93326884369064200       0.44905095660043415       0.32720993269865112       0.32451400123310370       0.25641169082121656     
  0.33581314193754624       0.26528231297588845       0.93365840758227092       0.45910057620057559       0.33724275523018060       0.33875909128787951       0.27099464029467668     
  0.34530929890726586       0.28095277223250625       0.93404797147389984       0.46928217111060949       0.34751163406817437       0.35148318299386250       0.28585883096101733     
  0.35500093316185427       0.29650261981032827       0.93443753536552865       0.47957654716168602       0.35778906969017382       0.36437721431331810       0.30092787468508420     
  0.36483272709952519       0.31177906390665427       0.93482931432804528       0.48972978600266692       0.36819750564486331       0.37734853051891276       0.31624265257353118     
  0.37448831905260849       0.32677347312425858       0.93522217692692522       0.49939260911081051       0.37895061388964457       0.39059255379400071       0.33197710900672406     
  0.38432271297117787       0.34149310863160626       0.93561503952580516       0.50898401816231609       0.38983705954329262       0.40388930370664616       0.34746596043088945     
  0.39410271150554615       0.35628621342910022       0.93600790212468521       0.51809791268131478       0.40069439068481372       0.41723630154744357       0.36259680057318022     
  0.40401135625059242       0.37104439953280677       0.93640076472356515       0.52622880353672163       0.41161625125733792       0.43045509146251498       0.37742179681227106     
  0.41372360678166303       0.38584024914808235       0.93683321737852121       0.53296717796118276       0.42361518195917230       0.44341749574994721       0.38948271767635262     
  0.42346866587056381       0.40090050563509638       0.93728949731220201       0.53979760614361694       0.43582480509510796       0.45595536308530227       0.40200618555461914     
  0.43333651332310341       0.41562789142658613       0.93774577724588271       0.54706754225252974       0.44800854436244597       0.46814968496875137       0.41459469703433105     
  0.44292466275219688       0.43044187683307239       0.93820205717956340       0.55472224929672020       0.45971982983623777       0.48035280041715667       0.42651426177078916     
  0.45224423495479021       0.44524304641401569       0.94684085052305977       0.56260401302176966       0.47135359907155039       0.49280192079739876       0.43832436428307497     
  0.46142209542592144       0.46006633397845398       0.95948322078728165       0.57059855112562852       0.48288578982731473       0.50566087934346693       0.44995581968442067     
  0.47100870564980551       0.47500559304660223       0.97107348259076076       0.57888862949602016       0.49413239583854218       0.51893752581292274       0.46135396069114248     
  0.48098386353542616       0.49043953103520616       0.97602289586288027       0.58765104796646350       0.50565386647557720       0.53240728628417200       0.47329710015505283     
  0.49149548801129145       0.50638415648166768       0.98374755253092871       0.59669903414381942       0.51815423870709243       0.54736870337473131       0.48746708171914849     
  0.50178214169457180       0.52257416617330088       0.99006766392606327       0.60497978842956224       0.53283417099225960       0.56407306086589659       0.50405928310698778     
  0.51240213306376725       0.53971571705040466       0.99242775766059832       0.61323517803792560       0.54909996249516346       0.58085579021843159       0.52061914920765817     
  0.52341649689803849       0.55643138344425758       0.99301654093592939       0.62163649566655244       0.56581782871600772       0.59733429784858472       0.53755228263270871     
  0.53499308720740546       0.57309881849143540       0.99360532421126047       0.63001742035197894       0.58221553091908229       0.61418515215994729       0.55434879988136632     
  0.54654596489612761       0.58924128135191867       0.99412069074186937       0.63834766935994058       0.59831250561819127       0.63100146881940877       0.57120228973249809     
  0.55771322546908619       0.60635194709508344       0.99440654991827693       0.64633418321392411       0.61412594174683321       0.64803552577641854       0.58765591764408043     
  0.56875469354594899       0.63005864862313765       0.99469240909468448       0.65409525019800252       0.63095752503776981       0.66404439263945514       0.60530260588713269     
  0.58016864105560506       0.65242462484680208       0.99497826827109204       0.66140687783308694       0.64816716783735662       0.67847981822339842       0.62238596125365586     
  0.59118043531049169       0.67412548932711358       0.99526412744749959       0.66867037331762069       0.66601746248354410       0.69208107311235423       0.63931188088474955     
  0.60188541062682011       0.69589389143369051       0.99554998662390715       0.67622920987364288       0.68360563519004369       0.70574815255627732       0.65604615115453158     
  0.61236047446292063       0.71743368796854790       0.99583584580031470       0.68390547660608692       0.70063088175708665       0.72018152096706789       0.67257385409354120     
  0.62330963159132091       0.73737086898571313       0.99611799473257867       0.69163393865459788       0.71706412022523547       0.73557577322310563       0.68934537715087840     
  0.63472408919999790       0.75769716372974616       0.99639172321896785       0.69936403680825043       0.73326485637372041       0.75102212743118735       0.70738288855004194     
  0.64717391482922648       0.77711482235135354       0.99666545170535692       0.70715083503118148       0.75015832447216879       0.77097103196647043       0.72699235120919181     
  0.65961320254310507       0.79748296885153680       0.99693918019174599       0.71535999171095666       0.76803608462335593       0.79160679688019386       0.74583663562932001     
  0.67271713157177504       0.81711293878870794       0.99721290867813517       0.72651654889804551       0.78587582703016001       0.81178707245327197       0.76476094379883408     
  0.68610709054884245       0.83646625982162959       0.99748663716452424       0.73772768141562395       0.80326630711016556       0.83210214421837392       0.78421074413299252     
  0.69981138829792711       0.85497195143147675       0.99776036565091331       0.74945477179480480       0.81976899101651379       0.85220320343363876       0.80343520098228072     
  0.71350391849100137       0.87351144905700462       0.99803237346160123       0.76117468158682555       0.83644730626092922       0.87171990279438860       0.82236760921578533     
  0.72705702629965197       0.89261636756515594       0.99827832677890105       0.77314914871876528       0.85433939608065235       0.89093268668279646       0.84331242179603749     
  0.74072248407024188       0.91022296796305735       0.99852428009620087       0.78588020855229535       0.87495599203875418       0.90655237585462156       0.86697791429658344     
  0.76228715572673578       0.92475003925320132       0.99877023341350069       0.79831866046888689       0.89596571421214133       0.92198881203421834       0.88978160186967836     
  0.79286665706379322       0.93994329610556338       0.99901618673080061       0.82568858282079782       0.91731999060234859       0.93738700854619195       0.91215348539046959     
  0.82367930594174676       0.95467833665965907       0.99926214004810043       0.85460714981243913       0.93865827579846972       0.95240322370127561       0.93354399079127148     
  0.85976499373999360       0.96936479254421393       0.99950809336540025       0.88889428573115836       0.95896044331489061       0.96750075066544228       0.95505375201805220     
  0.91066355600685889       0.98449637411165924       0.99975404668270018       0.93284923931882535       0.97964429496190975       0.98326411087868071       0.97678081371841097     
   1.0000000000000000        1.0000000000000000        1.0000000000000000        1.0000000000000000        1.0000000000000000        1.0000000000000000        1.0000000000000000     
   72.670711229121920        70.085375352605269        0.0000000000000000        73.458340022008855        69.170045961834120        70.628794972657928        68.562184409414769     
   69.461576647864305        65.621789736699483        0.0000000000000000        75.038818999246701        68.772620424067640        70.125834127718633        68.868789326887679     
   69.577272876462189        68.605651193767116        0.0000000000000000        68.147341568009182        67.000556356979885        67.913920453901866        67.976499195906314     
   68.089468880739972        69.583534730846125        0.0000000000000000        66.976205887665785        69.834755612837725        66.992929729743494        66.874542850946270     
   67.921338222975152        68.050768979248247        0.0000000000000000        69.143279472849599        66.891342565141713        67.855343025643279        67.856862310814961     
   66.431065248604114        70.628918603525662        0.0000000000000000        67.437630412867492        67.817719698099978        67.173320274665784        67.406961883109872     
   63.123242431050400        71.240649812099804        0.0000000000000000        68.232811775084443        68.102052683348987        70.692461773702988        67.081308490421378     
   49.422352287884017        66.031252908095524        67.628689656248270        66.885975782574690        66.508695029817261        67.135653119283035        70.653681346708524     
   8.1853958282756417E-004   2.0963489047148747E-004   2.9152003343771111E-006   79.858925463495169        1.3588340006174558E-005   3.2307574607154399E-006
           5           7           6
   1.0948903481782025E-002   68.240955232235294     
