   0.0000000000000000        0.0000000000000000        0.0000000000000000        0.0000000000000000        0.0000000000000000        0.0000000000000000        0.0000000000000000     
   2.6880339709001229E-002   1.4207652270214186E-002  0.72151180408002413        5.3530462947552544E-002   2.3540818555165224E-002   1.0215798351722628E-002   1.2402564213181071E-002
   5.0258742417239620E-002   2.8520940538497221E-002  0.88439153354273214        9.5034729180953958E-002   4.5188514590092300E-002   1.9140095080443155E-002   2.4878014092445361E-002
   7.0072663141013930E-002   4.3347197382336777E-002  0.88995941571174708       0.12978091721920670        6.4721052675090956E-002   2.7486264261428583E-002   3.6961150839980778E-002
   8.8724675130804245E-002   5.8695399448972729E-002  0.89505472174664602       0.16141742664459779        8.3148216437569089E-002   3.5341024840636406E-002   4.9012345064981429E-002
  0.10621952384145500        7.3807164537685710E-002  0.89570763663498199       0.19095703307707185       0.10005311756465396        4.3069628940635742E-002   6.0914085615126977E-002
  0.12319018420511109        8.9582290618979460E-002  0.89636055152331795       0.21882187088840957       0.11584484180133496        5.0883284342783511E-002   7.2368279951051787E-002
  0.13944966458459815       0.10504676234386867       0.89701346641165380       0.24555101082777753       0.13002111513398984        5.8844115990763009E-002   8.3448487977125355E-002
  0.15497264616377654       0.12101782459801295       0.89766664736918200       0.27232895785485539       0.14414679578615619        6.7097838781240898E-002   9.4263603067157961E-002
  0.16925955172397872       0.13723478680118092       0.89831985308844353       0.28318222209682836       0.15590253809979393        7.5517049327868555E-002  0.10466535319330320     
  0.17921819923243942       0.15068991636029319       0.89897305880770506       0.29154246026556102       0.16341080786335138        8.5605079700872111E-002  0.11482295397034148     
  0.18647830473622665       0.16033140343144081       0.89962691382889259       0.29970521820979651       0.17142224056532326        9.6846766805329013E-002  0.12527895146143253     
  0.19387728701293663       0.16952215976241733       0.90028104847828427       0.30754630657532489       0.17955018504001391       0.10741553591970554       0.13605977051337909     
  0.20166180357791538       0.17833883565325814       0.90093518312767595       0.31514459591725053       0.18749535694357064       0.11796849203203602       0.14682933802794257     
  0.20977783525868726       0.18745378512506566       0.90392241558090058       0.32293512771412008       0.19528591960438568       0.12861928415278648       0.15732088051631837     
  0.21803310081983429       0.19692438602399062       0.90913942301598794       0.33095614957017461       0.20296052091582437       0.13953751486750762       0.16770807264761689     
  0.22649101948416411       0.20677815359650370       0.91655946531517629       0.33919839329103318       0.21052893289750310       0.15135280444265717       0.17818456930185342     
  0.23510141011667235       0.21696865457628897       0.92386022663351053       0.34742456826260942       0.21803296792243596       0.16327835403009988       0.18917662876865754     
  0.24389250315550809       0.22735304532554676       0.92680172432564267       0.35563816592821856       0.22605606966242289       0.17506176366348278       0.20029956625704257     
  0.25294158244168746       0.23792133117856071       0.92783352805916708       0.36366260586754345       0.23618404837535145       0.18686573247191826       0.21320580307121642     
  0.26217950046289235       0.25368674209485659       0.92870775463569577       0.37166213059141873       0.24734124306881294       0.19977505963565853       0.22731277042143774     
  0.27143651015914028       0.27029415108590810       0.92917265774539048       0.37977414918290031       0.25804640084192759       0.21574842166680880       0.24175248132571661     
  0.28072460318543396       0.28738332312278175       0.92963756085508520       0.38782129197665843       0.26840274365527639       0.23238640924302026       0.25584599145739079     
  0.29005074797703551       0.30353157720238416       0.93010246396477991       0.39581479273900727       0.27922463550140769       0.24921684894579318       0.26940422560056332     
  0.29937749583965617       0.31924367843300466       0.93056736707447452       0.40390603369057049       0.29037104512379613       0.26655596626410499       0.28307844047988279     
  0.30859322911351544       0.33443477763331209       0.93103331988652593       0.41211611616820371       0.30191930115194104       0.28434281588646493       0.29622043279434840     
  0.31773575835622903       0.35008354067377095       0.93149960503095930       0.42037388888131660       0.31370573081937231       0.30196445467575611       0.31040436477676553     
  0.32639553712389080       0.36644616884338682       0.93196589017539266       0.42846715260581009       0.32512550753677544       0.31918953254377880       0.32364397679844109     
  0.33509480847308315       0.38123793571667786       0.93243217531982603       0.43650481891234327       0.33629451417477912       0.33641159871594967       0.33672189199001290     
  0.34401779887051132       0.39374802836160361       0.93290642967885762       0.44404196708855992       0.34860965598630461       0.35364713939758274       0.34978059066642014     
  0.35314031668583179       0.40544052956138660       0.93340402832792790       0.45145317437430021       0.36014779037699740       0.36916800009274153       0.36331309941730078     
  0.36298274096249911       0.41665377153134325       0.93390162697699819       0.45905752572355890       0.37246018343759829       0.38471781688750983       0.37718549899014592     
  0.37278566581497924       0.42813336311066819       0.93439922562606847       0.46701457893392434       0.38511842908046517       0.40014077492213157       0.39123310545473172     
  0.38242981519956043       0.43983942182122626       0.93923645396646249       0.47518554888928288       0.39790446288624104       0.41523671434925657       0.40530820940470158     
  0.39164885812977834       0.45330230774394853       0.94392970290523903       0.48382788068636023       0.41098513032270573       0.43088142369782517       0.41883039332648725     
  0.40061245204538792       0.46642670751092563       0.95554689416860406       0.49154303341250177       0.42407045041051006       0.44615791519534698       0.43168707324934952     
  0.40965785538741745       0.48040492318963990       0.96108358690002071       0.49926348938334342       0.43749484092670177       0.46096653470152188       0.44428854261342432     
  0.41905334686842710       0.49300295216953377       0.96917714826904922       0.50730426414105745       0.45214952467401021       0.47614838983256214       0.45717589683864612     
  0.42926915784753328       0.50670948647756375       0.97920931736140326       0.51546046830320758       0.46648319417614609       0.49009874402540704       0.47297157908866444     
  0.44081229235299729       0.52053275794882881       0.98394801567560131       0.52345404471786960       0.48173247259590252       0.50536318575402961       0.49047570709431304     
  0.45308204433438909       0.53410433754910536       0.99122318458058489       0.53097627110052426       0.49764422199420294       0.52055968935691321       0.50735197880987659     
  0.46505541378641524       0.54777528090910432       0.99231633142157538       0.53786239120475654       0.51456215614701950       0.53567268665929779       0.52390708602847602     
  0.47688348634887973       0.56214804917828476       0.99308182597342487       0.54468789868252321       0.53129540885978221       0.55098680142782341       0.54094883549325823     
  0.48866439350478791       0.57994182044835230       0.99376139623051141       0.55182475739934156       0.54861313070954920       0.56657071975921669       0.55805455259805425     
  0.50018973735739802       0.59728045782257999       0.99408608679336530       0.55960414313350182       0.56595068764540668       0.58207210038702029       0.57763131359324382     
  0.51193057534743025       0.61365688307549460       0.99441077735621919       0.56725419893929274       0.58321898333772781       0.59803885171574667       0.59857736271911599     
  0.52335887997829333       0.62842297094090760       0.99473546791907319       0.57482878669154958       0.60019125607099166       0.61370484791905844       0.61871623091342620     
  0.53544987680696732       0.64317336343295572       0.99506015848192708       0.58233317141904795       0.61791358389191553       0.63058347055459618       0.63686991078168953     
  0.54698255082156300       0.65870991115908128       0.99538484904478097       0.59012179426045075       0.63487835576826934       0.64825539445961111       0.65463253510826513     
  0.55882013480935366       0.67538155745064554       0.99570953960763486       0.59796639275462404       0.65207996172445226       0.66566392933074603       0.67304898548578762     
  0.57210690590756197       0.69747709689972759       0.99602210755967224       0.60586116132305878       0.66968006384302070       0.68264627307027848       0.69597798067187078     
  0.58627282219608523       0.72101141646228106       0.99633008384885113       0.61399209702441992       0.69244931405586430       0.70089086569487180       0.72267970363568468     
  0.60081552973543417       0.74462732122625952       0.99663806013803002       0.62246186655184244       0.71396463644655694       0.71987298949758050       0.74861147423465546     
  0.61581173929194388       0.76718405788828126       0.99694603642720891       0.63319099718778893       0.73582442503772538       0.73906578613150020       0.77235177365313712     
  0.63033647822366934       0.79019646303045810       0.99725401271638781       0.64791321484312592       0.75770849059457801       0.75912673861037960       0.79472888569641809     
  0.64429922851396026       0.81326081693139107       0.99756198900556670       0.66324829516724237       0.78084256054538093       0.78001571901775801       0.81707747684051912     
  0.65880867370677820       0.83614733082332993       0.99786996529474570       0.67897309596686450       0.80313761274683992       0.80101462166201598       0.84027343200637994     
  0.67347918226707648       0.85908713141318238       0.99813974710919839       0.69420640410978995       0.82521305717652382       0.82009770596151021       0.86377735437018222     
  0.68881281337603195       0.87858944171528197       0.99840549752217000       0.70926220561501463       0.84930836057157622       0.84631051513454880       0.88328343797151754     
  0.70430539064700504       0.90000002968344694       0.99867124793514173       0.72480719481779099       0.87436910939804213       0.87251876786787430       0.90394495897148486     
  0.72887036076032929       0.92047444087015529       0.99893699834811334       0.74625415265206596       0.89934568740601928       0.89849478288222695       0.92542833566748639     
  0.77033675036775051       0.94050099907339957       0.99920274876108506       0.78593072402296893       0.92390563201358722       0.92340357373277770       0.94568850469367027     
  0.81651997709552004       0.96042642387382482       0.99946849917405667       0.83108206186299627       0.94842069284419961       0.94814006146592722       0.96409795390693998     
  0.87841949350006321       0.98040101233241439       0.99973424958702839       0.89387538169025316       0.97367877795212121       0.97366757179444352       0.98197184288315043     
   1.0000000000000000        1.0000000000000000        1.0000000000000000        1.0000000000000000        1.0000000000000000        1.0000000000000000        1.0000000000000000     
   61.360602686585068        65.127328813139926        0.0000000000000000        65.911585074557237        63.356766613443362        61.829666943331091        66.576854268130774     
   60.993797778612340        63.264167936420620        0.0000000000000000        64.554859569263243        61.366759487204405        64.066814744916329        62.211694347186892     
   62.515472148728364        61.237604387577107        0.0000000000000000        63.073911897145138        63.578651561672487        62.933427403198159        60.436381349733850     
   63.076612343614372        62.074575509985479        0.0000000000000000        63.379822103948996        60.835856547879381        60.141013245151655        63.913198904780742     
   61.814746471797896        62.112734083460793        0.0000000000000000        60.254295531234675        63.311319953017048        60.580902228029522        60.144715233748343     
   62.429000266681776        63.581682188327107        0.0000000000000000        63.289709399487229        60.171234249819499        61.516902127626423        64.870474458109371     
   63.703568597610222        62.429962561946091        0.0000000000000000        63.212087105996225        63.850317281488849        64.145788962675695        63.554639573403357     
   37.356273803440821        61.549622436545974        61.861369172931084        65.199891207580706        63.413875971164003        65.754331945286765        63.124096047018348     
   5.3679714333095582E-004   3.2956633715484671E-005   9.7683023234493520E-007   73.935424866401476        6.0139587731153242E-006   1.5120573732763495E-006
           5           7           6
   5.0000000000000001E-003   62.725745585553014     
